0.000000	0.000000	0.000000	0.000000	0.000000	0.000000	0.000000	0.000000
-2938.561492	-3049.202627	-2879.552886	-2843.477171	-65393.604683	-56978.530524	-61223.998514	-70134.253220
-577.077338	-2713.501777	-2466.604408	-2701.029503	-29802.162028	-59735.618202	-43764.335664	-56233.010439
-5299.755073	-5777.009520	-5699.672484	-5617.753341	-129595.660221	-112469.597157	-119764.893623	-135965.169783
-6099.344027	-5626.224652	-5864.695414	-5667.173048	-59753.276080	-119717.195000	-86340.609055	-113122.201040
-5627.230481	-6005.623162	-5683.422766	-5615.227594	-129592.799198	-112466.356154	-119761.697324	-135961.861725
270.769032	-5392.693626	-4559.152372	-5347.453695	-59601.463032	-119419.447412	-87770.785424	-112336.783092
-2938.561492	-3049.202627	-2879.552886	-2843.477171	-65393.604683	-56978.530524	-61223.998514	-70134.253220
-577.077338	-2713.501777	-2466.604408	-2701.029503	-29802.162028	-59735.618202	-43764.335664	-56233.010439
-5299.755073	-5777.009520	-5699.672484	-5617.753341	-129595.660221	-112469.597157	-119764.893623	-135965.169783
-6099.344027	-5626.224652	-5864.695414	-5667.173048	-59753.276080	-119717.195000	-86340.609055	-113122.201040
-5627.230481	-6005.623162	-5683.422766	-5615.227594	-129592.799198	-112466.356154	-119761.697324	-135961.861725
270.769032	-5392.693626	-4559.152372	-5347.453695	-59601.463032	-119419.447412	-87770.785424	-112336.783092
-2890.482889	-4555.643148	-5711.094226	-5624.436513	-129599.258852	-112475.788590	-119769.185158	-135969.014283
-3528.356973	-5521.417322	-5375.862762	-5528.413418	-59669.971129	-119588.471304	-86961.160536	-112778.252396
-6391.637789	-6454.356784	-5684.160374	-5613.215937	-129592.665087	-112464.545663	-119761.362047	-135961.526449
-4515.566470	-5549.580520	-5571.172305	-5560.555227	-59713.601734	-119616.656854	-86842.182200	-112854.471845
-3190.085672	-4745.632976	-5704.969848	-5626.805797	-129601.471675	-112477.576730	-119770.973297	-135970.690664
1103.639734	-5377.740309	-4402.891326	-5329.594651	-59575.758526	-119404.136467	-87849.172991	-112291.632568
-5272.575351	-5760.469229	-5697.884345	-5615.428760	-129593.313288	-112466.803189	-119762.278469	-135962.107594
-6092.236172	-5625.487045	-5862.549646	-5666.256626	-59750.660926	-119715.898599	-86341.972511	-113120.725825
-5658.321757	-6022.454026	-5684.808574	-5616.412236	-129593.961488	-112467.004355	-119762.658449	-135962.264056
210.911061	-5396.113443	-4569.255360	-5351.409954	-59603.027654	-119422.822526	-87764.906915	-112343.488615
-2878.636465	-4548.132962	-5711.787130	-5624.928251	-129599.683535	-112475.743887	-119769.341620	-135968.544897
-3462.776955	-5519.025686	-5360.507114	-5525.418285	-59666.797181	-119585.118542	-86976.046798	-112770.384582
-6390.207278	-6452.993328	-5684.003911	-5612.835957	-129592.195701	-112463.651593	-119760.669143	-135960.185344
-6391.637789	-6454.356784	-5684.160374	-5613.215937	-129592.665087	-112464.545663	-119761.362047	-135961.526449
-4515.566470	-5549.580520	-5571.172305	-5560.555227	-59713.601734	-119616.656854	-86842.182200	-112854.471845
-3190.085672	-4745.632976	-5704.969848	-5626.805797	-129601.471675	-112477.576730	-119770.973297	-135970.690664
1103.639734	-5377.740309	-4402.891326	-5329.594651	-59575.758526	-119404.136467	-87849.172991	-112291.632568
-5272.575351	-5760.469229	-5697.884345	-5615.428760	-129593.313288	-112466.803189	-119762.278469	-135962.107594
-6092.236172	-5625.487045	-5862.549646	-5666.256626	-59750.660926	-119715.898599	-86341.972511	-113120.725825
-5658.321757	-6022.454026	-5684.808574	-5616.412236	-129593.961488	-112467.004355	-119762.658449	-135962.264056
210.911061	-5396.113443	-4569.255360	-5351.409954	-59603.027654	-119422.822526	-87764.906915	-112343.488615
-2878.636465	-4548.132962	-5711.787130	-5624.928251	-129599.683535	-112475.743887	-119769.341620	-135968.544897
-3462.776955	-5519.025686	-5360.507114	-5525.418285	-59666.797181	-119585.118542	-86976.046798	-112770.384582
-6390.207278	-6452.993328	-5684.003911	-5612.835957	-129592.195701	-112463.651593	-119760.669143	-135960.185344
-4564.069756	-5550.116962	-5579.129527	-5562.052794	-59712.171222	-119617.349758	-86829.285244	-112859.791560
-3219.925251	-4760.698052	-5702.712322	-5624.727085	-129599.236500	-112474.939224	-119768.469902	-135967.583772
1146.957415	-5376.823887	-4393.213021	-5328.342954	-59574.372718	-119402.549494	-87858.270151	-112287.408088
-5246.222645	-5747.706383	-5701.840604	-5619.161501	-129596.800160	-112470.111247	-119765.586527	-135964.678045
-6086.603533	-5628.370420	-5864.226027	-5669.184705	-59752.739638	-119718.379643	-86348.722738	-113122.312799
-5685.389720	-6038.614337	-5687.714301	-5619.183853	-129596.643698	-112469.306585	-119765.072437	-135964.119251
158.451516	-5399.577963	-4579.425404	-5355.299158	-59605.441642	-119426.108232	-87759.676607	-112349.322420
-2856.687052	-4540.935700	-5714.871671	-5627.968088	-129602.499855	-112478.180227	-119771.867367	-135970.556554
-3396.951067	-5519.226851	-5348.571282	-5524.658325	-59667.065402	-119584.179769	-86993.861138	-112764.126094
-6387.301551	-6450.445229	-5684.719167	-5613.305344	-129592.486273	-112463.651593	-119760.579736	-135959.648902
-4611.209585	-5551.592177	-5588.293742	-5564.131506	-59712.372388	-119618.802621	-86818.176427	-112864.485426
-3240.600615	-4768.297645	-5704.522813	-5626.649335	-129601.069343	-112476.392088	-119769.945117	-135968.500193
1192.800843	-5378.679082	-4385.769890	-5329.594651	-59576.362023	-119403.465915	-87870.094224	-112284.882341
-5211.465682	-5728.506235	-5704.768682	-5621.977821	-129599.504721	-112472.391125	-119767.955812	-135966.622647
1146.957415	-5376.823887	-4393.213021	-5328.342954	-59574.372718	-119402.549494	-87858.270151	-112287.408088
-5246.222645	-5747.706383	-5701.840604	-5619.161501	-129596.800160	-112470.111247	-119765.586527	-135964.678045
-6086.603533	-5628.370420	-5864.226027	-5669.184705	-59752.739638	-119718.379643	-86348.722738	-113122.312799
-5685.389720	-6038.614337	-5687.714301	-5619.183853	-129596.643698	-112469.306585	-119765.072437	-135964.119251
158.451516	-5399.577963	-4579.425404	-5355.299158	-59605.441642	-119426.108232	-87759.676607	-112349.322420
-2856.687052	-4540.935700	-5714.871671	-5627.968088	-129602.499855	-112478.180227	-119771.867367	-135970.556554
-3396.951067	-5519.226851	-5348.571282	-5524.658325	-59667.065402	-119584.179769	-86993.861138	-112764.126094
-6387.301551	-6450.445229	-5684.719167	-5613.305344	-129592.486273	-112463.651593	-119760.579736	-135959.648902
-4611.209585	-5551.592177	-5588.293742	-5564.131506	-59712.372388	-119618.802621	-86818.176427	-112864.485426
-3240.600615	-4768.297645	-5704.522813	-5626.649335	-129601.069343	-112476.392088	-119769.945117	-135968.500193
1192.800843	-5378.679082	-4385.769890	-5329.594651	-59576.362023	-119403.465915	-87870.094224	-112284.882341
-5211.465682	-5728.506235	-5704.768682	-5621.977821	-129599.504721	-112472.391125	-119767.955812	-135966.622647
-6077.796945	-5628.817454	-5863.734289	-5669.430574	-59752.806694	-119718.044367	-86353.528363	-113119.965866
-5705.930973	-6049.097305	-5688.340150	-5619.943812	-129597.291898	-112469.619509	-119765.452417	-135963.962789
106.684876	-5401.097882	-4586.332093	-5357.154352	-59606.380416	-119427.315226	-87752.099365	-112352.451665
-2820.186653	-4517.533424	-5714.648153	-5627.744571	-129602.209282	-112477.643785	-119771.196815	-135969.461318
-3324.374953	-5515.315296	-5331.539253	-5519.405665	-59663.332661	-119578.815350	-87007.048667	-112752.279669
-6382.317112	-6446.377211	-5685.166202	-5613.864137	-129592.933308	-112463.696297	-119760.825605	-135959.335978
-4652.962643	-5552.709765	-5594.686341	-5565.249093	-59712.662961	-119619.584932	-86806.687630	-112867.391153
-3242.902844	-4762.687357	-5702.019418	-5624.682382	-129598.856521	-112473.843989	-119767.665239	-135965.594466
1246.065050	-5373.314664	-4362.211151	-5323.202052	-59571.109363	-119396.916854	-87873.268172	-112273.885283
-5165.041109	-5700.074816	-5700.432444	-5617.775693	-129595.034372	-112467.674907	-119763.373704	-135961.414690
-6059.490867	-5622.581318	-5855.620605	-5662.657996	-59746.369391	-119711.204733	-86349.885029	-113110.064043
-5717.308011	-6052.383012	-5683.311007	-5615.540518	-129592.754494	-112464.679773	-119760.691495	-135958.620722
64.685948	-5398.706245	-4578.978369	-5354.852123	-59603.340578	-119424.543610	-87739.202409	-112350.529414
-5705.930973	-6049.097305	-5688.340150	-5619.943812	-129597.291898	-112469.619509	-119765.452417	-135963.962789
106.684876	-5401.097882	-4586.332093	-5357.154352	-59606.380416	-119427.315226	-87752.099365	-112352.451665
-2820.186653	-4517.533424	-5714.648153	-5627.744571	-129602.209282	-112477.643785	-119771.196815	-135969.461318
-3324.374953	-5515.315296	-5331.539253	-5519.405665	-59663.332661	-119578.815350	-87007.048667	-112752.279669
-6382.317112	-6446.377211	-5685.166202	-5613.864137	-129592.933308	-112463.696297	-119760.825605	-135959.335978
-4652.962643	-5552.709765	-5594.686341	-5565.249093	-59712.662961	-119619.584932	-86806.687630	-112867.391153
-3242.902844	-4762.687357	-5702.019418	-5624.682382	-129598.856521	-112473.843989	-119767.665239	-135965.594466
1246.065050	-5373.314664	-4362.211151	-5323.202052	-59571.109363	-119396.916854	-87873.268172	-112273.885283
-5165.041109	-5700.074816	-5700.432444	-5617.775693	-129595.034372	-112467.674907	-119763.373704	-135961.414690
-6059.490867	-5622.581318	-5855.620605	-5662.657996	-59746.369391	-119711.204733	-86349.885029	-113110.064043
-5717.308011	-6052.383012	-5683.311007	-5615.540518	-129592.754494	-112464.679773	-119760.691495	-135958.620722
64.685948	-5398.706245	-4578.978369	-5354.852123	-59603.340578	-119424.543610	-87739.202409	-112350.529414
-2769.291731	-4484.408138	-5712.860014	-5626.515225	-129600.756419	-112475.877997	-119769.676896	-135967.293199
-3242.142885	-5511.180223	-5309.902765	-5514.063598	-59659.577568	-119573.428580	-87018.626871	-112739.762692
-6375.142202	-6440.051668	-5684.965037	-5613.908841	-129592.843901	-112463.271614	-119760.624440	-135958.576019
-4687.317274	-5555.526084	-5600.095463	-5568.691262	-59714.585211	-119622.334197	-86795.288240	-112871.570929
-3241.695850	-4755.043060	-5704.992200	-5628.012792	-129602.253986	-112476.816771	-119770.928594	-135968.276676
1308.314658	-5373.538181	-4332.662145	-5322.844425	-59571.556398	-119396.067488	-87880.688951	-112268.632623
-5122.036352	-5675.599656	-5703.539336	-5621.106103	-129598.320079	-112470.602986	-119766.547652	-135963.985141
-6045.833951	-5625.017658	-5855.039460	-5664.803763	-59748.336345	-119712.814058	-86354.087157	-113108.074738
-5731.702534	-6059.692032	-5685.546182	-5618.155672	-129595.235538	-112466.937300	-119763.105483	-135960.475917
29.437247	-5400.136757	-4565.209695	-5356.304986	-59604.055834	-119425.460032	-87730.127600	-112351.602298
-2706.148053	-4445.002013	-5713.754083	-5627.766922	-129601.717544	-112476.682660	-119770.615670	-135967.628475
-3156.088669	-5509.280325	-5286.858116	-5511.001409	-59657.834131	-119570.053467	-87031.300310	-112728.810338
-6369.017824	-6435.491912	-5687.066100	-5616.099312	-129594.833207	-112465.037401	-119762.434931	-135959.671254
-3242.142885	-5511.180223	-5309.902765	-5514.063598	-59659.577568	-119573.428580	-87018.626871	-112739.762692
-6375.142202	-6440.051668	-5684.965037	-5613.908841	-129592.843901	-112463.271614	-119760.624440	-135958.576019
-4687.317274	-5555.526084	-5600.095463	-5568.691262	-59714.585211	-119622.334197	-86795.288240	-112871.570929
-3241.695850	-4755.043060	-5704.992200	-5628.012792	-129602.253986	-112476.816771	-119770.928594	-135968.276676
1308.314658	-5373.538181	-4332.662145	-5322.844425	-59571.556398	-119396.067488	-87880.688951	-112268.632623
-5122.036352	-5675.599656	-5703.539336	-5621.106103	-129598.320079	-112470.602986	-119766.547652	-135963.985141
-6045.833951	-5625.017658	-5855.039460	-5664.803763	-59748.336345	-119712.814058	-86354.087157	-113108.074738
-5731.702534	-6059.692032	-5685.546182	-5618.155672	-129595.235538	-112466.937300	-119763.105483	-135960.475917
29.437247	-5400.136757	-4565.209695	-5356.304986	-59604.055834	-119425.460032	-87730.127600	-112351.602298
-2706.148053	-4445.002013	-5713.754083	-5627.766922	-129601.717544	-112476.682660	-119770.615670	-135967.628475
-3156.088669	-5509.280325	-5286.858116	-5511.001409	-59657.834131	-119570.053467	-87031.300310	-112728.810338
-6369.017824	-6435.491912	-5687.066100	-5616.099312	-129594.833207	-112465.037401	-119762.434931	-135959.671254
-4723.057714	-5558.007128	-5605.348123	-5571.440526	-59715.971019	-119624.479964	-86782.681856	-112874.566063
-3236.465542	-4746.057659	-5706.489766	-5630.136207	-129604.019773	-112478.359041	-119772.515568	-135969.260152
1371.592447	-5373.940512	-4300.945020	-5322.263279	-59571.981081	-119395.285177	-87888.377951	-112262.105913
-5071.253189	-5646.832960	-5705.416883	-5622.961297	-129599.951756	-112472.033497	-119768.000515	-135964.879211
-6025.583270	-5622.827187	-5849.630338	-5662.032147	-59745.631784	-119709.640111	-86353.908343	-113100.251627
-5743.995994	-6065.034099	-5685.814403	-5618.513300	-129595.593166	-112466.870244	-119763.172539	-135959.961827
-10.371209	-5401.634324	-4560.806401	-5357.959015	-59605.016959	-119426.443508	-87719.845798	-112352.429313
-2648.882884	-4408.725132	-5715.542223	-5629.935042	-129603.818608	-112478.426096	-119772.381457	-135968.857821
-3068.738052	-5506.665171	-5264.796944	-5507.067502	-59655.777771	-119565.940746	-87044.599598	-112716.226306
-6359.585388	-6427.646450	-5688.317798	-5617.328658	-129595.973145	-112465.819712	-119763.351353	-135960.095937
-4758.887560	-5560.555227	-5611.338390	-5574.100384	-59717.602696	-119626.536325	-86770.231935	-112877.158866
-3230.296460	-4734.010069	-5707.741464	-5631.812588	-129605.740858	-112479.700146	-119773.923728	-135970.154222
1428.120008	-5372.867629	-4273.608836	-5320.072808	-59571.131715	-119392.804133	-87894.502329	-112253.925175
1371.592447	-5373.940512	-4300.945020	-5322.263279	-59571.981081	-119395.285177	-87888.377951	-112262.105913
-5071.253189	-5646.832960	-5705.416883	-5622.961297	-129599.951756	-112472.033497	-119768.000515	-135964.879211
-6025.583270	-5622.827187	-5849.630338	-5662.032147	-59745.631784	-119709.640111	-86353.908343	-113100.251627
-5743.995994	-6065.034099	-5685.814403	-5618.513300	-129595.593166	-112466.870244	-119763.172539	-135959.961827
-10.371209	-5401.634324	-4560.806401	-5357.959015	-59605.016959	-119426.443508	-87719.845798	-112352.429313
-2648.882884	-4408.725132	-5715.542223	-5629.935042	-129603.818608	-112478.426096	-119772.381457	-135968.857821
-3068.738052	-5506.665171	-5264.796944	-5507.067502	-59655.777771	-119565.940746	-87044.599598	-112716.226306
-6359.585388	-6427.646450	-5688.317798	-5617.328658	-129595.973145	-112465.819712	-119763.351353	-135960.095937
-4758.887560	-5560.555227	-5611.338390	-5574.100384	-59717.602696	-119626.536325	-86770.231935	-112877.158866
-3230.296460	-4734.010069	-5707.741464	-5631.812588	-129605.740858	-112479.700146	-119773.923728	-135970.154222
1428.120008	-5372.867629	-4273.608836	-5320.072808	-59571.131715	-119392.804133	-87894.502329	-112253.925175
-5020.291212	-5617.283954	-5707.160319	-5624.861196	-129601.695192	-112473.598119	-119769.475731	-135965.773280
-6008.931221	-5623.453036	-5847.462219	-5662.210961	-59746.056467	-119709.237779	-86356.232924	-113095.267188
-5760.066898	-6074.064204	-5690.307103	-5623.318925	-129600.331736	-112471.228835	-119767.642888	-135963.828679
-56.616969	-5407.222260	-4556.693680	-5363.725765	-59610.023750	-119431.383244	-87713.229682	-112357.123179
-2585.716854	-4369.430765	-5718.962040	-5633.533673	-129607.372535	-112481.600044	-119775.734219	-135971.562382
-2983.466146	-5505.458177	-5243.048697	-5504.787624	-59655.196626	-119563.102074	-87059.105880	-112705.206895
-6352.321071	-6422.103217	-5689.904772	-5618.826225	-129597.649526	-112466.937300	-119764.692457	-135960.788841
-4795.834994	-5560.242302	-5615.696980	-5574.234494	-59716.418054	-119625.776365	-86754.071624	-112877.002403
-3230.028239	-4726.678696	-5705.528641	-5630.046800	-129604.019773	-112477.464971	-119771.912071	-135967.650827
1478.657303	-5369.268998	-4248.753697	-5315.669515	-59567.980119	-119387.819694	-87898.033905	-112243.688076
-4968.166944	-5587.220858	-5706.534470	-5624.280050	-129601.181102	-112472.569939	-119768.693420	-135964.454527
-5991.832136	-5622.670725	-5844.265919	-5660.869856	-59744.916528	-119707.315529	-86356.456441	-113089.366327
-5776.786003	-6083.004902	-5690.485917	-5623.542443	-129600.823474	-112471.139428	-119767.844053	-135963.471051
-111.490501	-5405.545879	-4564.405032	-5362.205847	-59608.101500	-119429.058663	-87699.617469	-112355.446798
-56.616969	-5407.222260	-4556.693680	-5363.725765	-59610.023750	-119431.383244	-87713.229682	-112357.123179
-2585.716854	-4369.430765	-5718.962040	-5633.533673	-129607.372535	-112481.600044	-119775.734219	-135971.562382
-2983.466146	-5505.458177	-5243.048697	-5504.787624	-59655.196626	-119563.102074	-87059.105880	-112705.206895
-6352.321071	-6422.103217	-5689.904772	-5618.826225	-129597.649526	-112466.937300	-119764.692457	-135960.788841
-4795.834994	-5560.242302	-5615.696980	-5574.234494	-59716.418054	-119625.776365	-86754.071624	-112877.002403
-3230.028239	-4726.678696	-5705.528641	-5630.046800	-129604.019773	-112477.464971	-119771.912071	-135967.650827
1478.657303	-5369.268998	-4248.753697	-5315.669515	-59567.980119	-119387.819694	-87898.033905	-112243.688076
-4968.166944	-5587.220858	-5706.534470	-5624.280050	-129601.181102	-112472.569939	-119768.693420	-135964.454527
-5991.832136	-5622.670725	-5844.265919	-5660.869856	-59744.916528	-119707.315529	-86356.456441	-113089.366327
-5776.786003	-6083.004902	-5690.485917	-5623.542443	-129600.823474	-112471.139428	-119767.844053	-135963.471051
-111.490501	-5405.545879	-4564.405032	-5362.205847	-59608.101500	-119429.058663	-87699.617469	-112355.446798
-2547.897702	-4346.386116	-5715.296354	-5630.225614	-129604.220939	-112478.023765	-119772.336754	-135967.494365
-2911.605288	-5500.250220	-5224.072066	-5498.395026	-59650.435704	-119556.217737	-87068.381854	-112690.790020
-6342.598062	-6414.011885	-5688.608371	-5617.261603	-129596.107256	-112465.171512	-119762.971373	-135958.553667
-4834.727029	-5560.599930	-5622.357800	-5575.195619	-59716.060426	-119625.619903	-86737.486629	-112878.276453
-3246.859103	-4733.764199	-5705.349827	-5630.203263	-129604.355050	-112477.375564	-119771.979126	-135967.069682
1511.290850	-5368.062004	-4240.885882	-5313.747265	-59567.689546	-119385.115133	-87903.174806	-112236.334352
-4929.230205	-5565.785535	-5708.680237	-5626.403466	-129603.282166	-112474.402782	-119770.615670	-135965.750929
-5978.666959	-5623.743608	-5843.416553	-5661.428650	-59746.168226	-119707.181419	-86357.775194	-113085.477124
-5793.929791	-6091.945600	-5691.737615	-5624.704733	-129601.963413	-112472.055849	-119768.782827	-135963.873382
-166.699310	-5408.764530	-4574.999759	-5365.402146	-59611.297800	-119431.405596	-87689.693295	-112358.240766
-2512.984277	-4327.230671	-5719.632592	-5634.740667	-129608.803047	-112482.292948	-119776.650641	-135971.316513
-2843.566578	-5501.703084	-5210.973944	-5498.439729	-59653.006155	-119555.614240	-87084.676276	-112682.765744
-6337.077181	-6410.435606	-5691.648208	-5620.010867	-129599.035334	-112467.652555	-119765.541824	-135960.386510
-4878.871724	-5563.460954	-5632.237271	-5578.213105	-59718.697932	-119627.698616	-86724.790838	-112881.562159
-6342.598062	-6414.011885	-5688.608371	-5617.261603	-129596.107256	-112465.171512	-119762.971373	-135958.553667
-4834.727029	-5560.599930	-5622.357800	-5575.195619	-59716.060426	-119625.619903	-86737.486629	-112878.276453
-3246.859103	-4733.764199	-5705.349827	-5630.203263	-129604.355050	-112477.375564	-119771.979126	-135967.069682
1511.290850	-5368.062004	-4240.885882	-5313.747265	-59567.689546	-119385.115133	-87903.174806	-112236.334352
-4929.230205	-5565.785535	-5708.680237	-5626.403466	-129603.282166	-112474.402782	-119770.615670	-135965.750929
-5978.666959	-5623.743608	-5843.416553	-5661.428650	-59746.168226	-119707.181419	-86357.775194	-113085.477124
-5793.929791	-6091.945600	-5691.737615	-5624.704733	-129601.963413	-112472.055849	-119768.782827	-135963.873382
-166.699310	-5408.764530	-4574.999759	-5365.402146	-59611.297800	-119431.405596	-87689.693295	-112358.240766
-2512.984277	-4327.230671	-5719.632592	-5634.740667	-129608.803047	-112482.292948	-119776.650641	-135971.316513
-2843.566578	-5501.703084	-5210.973944	-5498.439729	-59653.006155	-119555.614240	-87084.676276	-112682.765744
-6337.077181	-6410.435606	-5691.648208	-5620.010867	-129599.035334	-112467.652555	-119765.541824	-135960.386510
-4878.871724	-5563.460954	-5632.237271	-5578.213105	-59718.697932	-119627.698616	-86724.790838	-112881.562159
-3261.387737	-4738.748638	-5706.333304	-5631.119684	-129605.405582	-112478.068468	-119772.850844	-135967.226144
1543.700879	-5368.799611	-4235.566167	-5313.635506	-59569.500037	-119384.198711	-87910.997917	-112230.768768
-4885.040806	-5542.092686	-5710.915412	-5628.392771	-129605.338526	-112476.079163	-119772.448513	-135966.913219
-5963.870104	-5622.626021	-5841.069620	-5660.020490	-59745.765894	-119704.655672	-86359.809203	-113079.330394
-5812.146462	-6101.310980	-5691.558801	-5624.302402	-129601.784599	-112471.362945	-119768.335792	-135962.778147
-232.502846	-5410.105635	-4592.925858	-5367.525562	-59613.242401	-119431.986741	-87679.210327	-112360.207720
-2485.581039	-4311.629154	-5719.431426	-5634.606556	-129608.624233	-112481.778858	-119776.315364	-135970.310684
-2777.830097	-5499.445558	-5198.144042	-5495.332837	-59652.268547	-119551.613277	-87099.450779	-112671.791038
-6333.769123	-6408.602763	-5694.285714	-5622.402504	-129601.516378	-112469.865378	-119768.000515	-135962.308760
-4932.225338	-5569.630035	-5647.749382	-5585.075091	-59725.001124	-119633.174793	-86717.124190	-112889.362918
-3308.058179	-4766.487153	-5710.826005	-5635.567681	-129610.099448	-112482.337652	-119777.276489	-135971.070644
1559.257693	-5369.537219	-4244.149237	-5314.261355	-59571.332880	-119383.572863	-87917.882254	-112227.080730
-4853.748364	-5525.217119	-5711.787130	-5628.951565	-129606.143189	-112476.526198	-119772.962603	-135966.846164
-4885.040806	-5542.092686	-5710.915412	-5628.392771	-129605.338526	-112476.079163	-119772.448513	-135966.913219
-5963.870104	-5622.626021	-5841.069620	-5660.020490	-59745.765894	-119704.655672	-86359.809203	-113079.330394
-5812.146462	-6101.310980	-5691.558801	-5624.302402	-129601.784599	-112471.362945	-119768.335792	-135962.778147
-232.502846	-5410.105635	-4592.925858	-5367.525562	-59613.242401	-119431.986741	-87679.210327	-112360.207720
-2485.581039	-4311.629154	-5719.431426	-5634.606556	-129608.624233	-112481.778858	-119776.315364	-135970.310684
-2777.830097	-5499.445558	-5198.144042	-5495.332837	-59652.268547	-119551.613277	-87099.450779	-112671.791038
-6333.769123	-6408.602763	-5694.285714	-5622.402504	-129601.516378	-112469.865378	-119768.000515	-135962.308760
-4932.225338	-5569.630035	-5647.749382	-5585.075091	-59725.001124	-119633.174793	-86717.124190	-112889.362918
-3308.058179	-4766.487153	-5710.826005	-5635.567681	-129610.099448	-112482.337652	-119777.276489	-135971.070644
1559.257693	-5369.537219	-4244.149237	-5314.261355	-59571.332880	-119383.572863	-87917.882254	-112227.080730
-4853.748364	-5525.217119	-5711.787130	-5628.951565	-129606.143189	-112476.526198	-119772.962603	-135966.846164
-5957.477505	-5625.464693	-5843.014222	-5662.657996	-59748.984545	-119706.197942	-86366.604133	-113078.413973
-5842.656594	-6121.114626	-5694.978618	-5627.878681	-129605.651451	-112474.648651	-119771.867367	-135965.773280
-312.969126	-5415.000667	-4622.899547	-5373.180553	-59617.779805	-119436.188869	-87671.320161	-112367.382630
-2496.287524	-4325.956622	-5721.912470	-5637.065248	-129611.284090	-112483.969329	-119778.662298	-135972.121176
-2726.957527	-5498.439729	-5189.739786	-5493.678807	-59651.553291	-119548.886365	-87114.068820	-112663.945575
-6330.818693	-6406.613458	-5693.592810	-5621.441379	-129600.644660	-112468.658384	-119766.815873	-135960.565324
-4985.847173	-5569.227704	-5657.472391	-5585.477422	-59723.257687	-119632.236020	-86702.528501	-112892.156886
-3365.278645	-4802.249944	-5706.176842	-5631.097332	-129605.763210	-112477.599082	-119772.716734	-135965.907391
1562.409289	-5367.994948	-4258.633168	-5312.584974	-59568.829485	-119380.734191	-87921.659699	-112222.699788
-4832.715372	-5516.365828	-5712.860014	-5629.778579	-129607.014907	-112477.084992	-119773.789617	-135967.002626
-5949.967319	-5626.202300	-5843.081277	-5663.641472	-59748.179883	-119705.885018	-86371.722683	-113077.095220
-5873.569056	-6140.068905	-5696.006798	-5628.728047	-129606.545521	-112475.341556	-119772.850844	-135966.019150
-393.502461	-5419.985106	-4656.024832	-5379.059062	-59620.193794	-119440.636866	-87663.385292	-112376.189217
-2530.642155	-4354.075116	-5725.086418	-5639.926271	-129614.435686	-112486.740945	-119781.679783	-135974.535164
-312.969126	-5415.000667	-4622.899547	-5373.180553	-59617.779805	-119436.188869	-87671.320161	-112367.382630
-2496.287524	-4325.956622	-5721.912470	-5637.065248	-129611.284090	-112483.969329	-119778.662298	-135972.121176
-2726.957527	-5498.439729	-5189.739786	-5493.678807	-59651.553291	-119548.886365	-87114.068820	-112663.945575
-6330.818693	-6406.613458	-5693.592810	-5621.441379	-129600.644660	-112468.658384	-119766.815873	-135960.565324
-4985.847173	-5569.227704	-5657.472391	-5585.477422	-59723.257687	-119632.236020	-86702.528501	-112892.156886
-3365.278645	-4802.249944	-5706.176842	-5631.097332	-129605.763210	-112477.599082	-119772.716734	-135965.907391
1562.409289	-5367.994948	-4258.633168	-5312.584974	-59568.829485	-119380.734191	-87921.659699	-112222.699788
-4832.715372	-5516.365828	-5712.860014	-5629.778579	-129607.014907	-112477.084992	-119773.789617	-135967.002626
-5949.967319	-5626.202300	-5843.081277	-5663.641472	-59748.179883	-119705.885018	-86371.722683	-113077.095220
-5873.569056	-6140.068905	-5696.006798	-5628.728047	-129606.545521	-112475.341556	-119772.850844	-135966.019150
-393.502461	-5419.985106	-4656.024832	-5379.059062	-59620.193794	-119440.636866	-87663.385292	-112376.189217
-2530.642155	-4354.075116	-5725.086418	-5639.926271	-129614.435686	-112486.740945	-119781.679783	-135974.535164
-2678.320131	-5499.557316	-5184.822403	-5494.103491	-59650.882739	-119548.506385	-87131.458477	-112659.408171
-6331.332783	-6407.641638	-5694.956266	-5622.469559	-129601.829303	-112469.373640	-119767.888757	-135960.945304
-5039.536064	-5572.781631	-5669.967016	-5590.126585	-59723.347094	-119635.477023	-86693.431341	-112900.114107
-3441.565149	-4852.027279	-5709.216679	-5633.891300	-129608.847750	-112480.147181	-119775.555405	-135968.209621
1564.666815	-5371.682986	-4278.772089	-5316.273012	-59570.036479	-119383.282290	-87930.913321	-112224.823204
-4818.097331	-5511.046113	-5712.994124	-5629.465655	-129606.836093	-112476.593253	-119773.297879	-135966.041501
-5937.875025	-5622.760132	-5838.320355	-5660.020490	-59741.474359	-119701.302910	-86374.114320	-113072.155484
-5900.100577	-6154.061097	-5690.754138	-5623.117760	-129601.114047	-112469.507750	-119767.061742	-135959.715958
-481.881259	-5418.152263	-4687.026702	-5378.164992	-59614.739968	-119438.580506	-87649.258989	-112379.296110
-2571.054109	-4386.596905	-5721.286621	-5635.925309	-129610.390021	-112482.449410	-119777.410600	-135969.640132
-2637.036459	-5496.875107	-5179.905019	-5491.153060	-59645.853596	-119544.617181	-87145.651835	-112652.412075
-6333.813826	-6410.681475	-5696.990275	-5624.078885	-129603.528035	-112470.781800	-119769.274565	-135961.817022
-5098.455262	-5578.973064	-5686.283789	-5597.234440	-59725.515214	-119641.511994	-86687.753998	-112911.647607
-6331.332783	-6407.641638	-5694.956266	-5622.469559	-129601.829303	-112469.373640	-119767.888757	-135960.945304
-5039.536064	-5572.781631	-5669.967016	-5590.126585	-59723.347094	-119635.477023	-86693.431341	-112900.114107
-3441.565149	-4852.027279	-5709.216679	-5633.891300	-129608.847750	-112480.147181	-119775.555405	-135968.209621
1564.666815	-5371.682986	-4278.772089	-5316.273012	-59570.036479	-119383.282290	-87930.913321	-112224.823204
-4818.097331	-5511.046113	-5712.994124	-5629.465655	-129606.836093	-112476.593253	-119773.297879	-135966.041501
-5937.875025	-5622.760132	-5838.320355	-5660.020490	-59741.474359	-119701.302910	-86374.114320	-113072.155484
-5900.100577	-6154.061097	-5690.754138	-5623.117760	-129601.114047	-112469.507750	-119767.061742	-135959.715958
-481.881259	-5418.152263	-4687.026702	-5378.164992	-59614.739968	-119438.580506	-87649.258989	-112379.296110
-2571.054109	-4386.596905	-5721.286621	-5635.925309	-129610.390021	-112482.449410	-119777.410600	-135969.640132
-2637.036459	-5496.875107	-5179.905019	-5491.153060	-59645.853596	-119544.617181	-87145.651835	-112652.412075
-6333.813826	-6410.681475	-5696.990275	-5624.078885	-129603.528035	-112470.781800	-119769.274565	-135961.817022
-5098.455262	-5578.973064	-5686.283789	-5597.234440	-59725.515214	-119641.511994	-86687.753998	-112911.647607
-3524.132493	-4906.990219	-5711.429502	-5635.880606	-129610.948814	-112482.002375	-119777.500007	-135969.528373
1552.239245	-5373.828754	-4308.544613	-5318.798759	-59569.522389	-119384.891615	-87938.602321	-112226.857212
-4813.738741	-5513.080122	-5716.056313	-5631.969050	-129609.495951	-112478.895483	-119775.734219	-135967.807289
-5937.204473	-5627.453998	-5842.969518	-5665.094336	-59743.217795	-119705.616797	-86385.670171	-113076.983461
-5939.663165	-6180.614970	-5696.789109	-5628.795103	-129607.081962	-112475.050983	-119772.761437	-135964.923914
-576.250324	-5426.422408	-4733.406572	-5387.865649	-59619.411483	-119447.007113	-87645.995634	-112393.735337
-2632.253186	-4434.988431	-5725.220528	-5639.479237	-129614.122762	-112485.735117	-119780.875120	-135972.501155
-2599.731398	-5499.713778	-5183.123670	-5493.768214	-59646.322983	-119546.517080	-87165.790756	-112652.099151
-6338.395934	-6415.263583	-5699.672484	-5626.202300	-129605.852617	-112472.771105	-119771.353277	-135963.448699
-5156.100411	-5584.113966	-5701.482976	-5603.694094	-59726.968077	-119646.742302	-86681.875489	-112923.270514
-3614.545299	-4965.887066	-5713.530566	-5637.624042	-129612.938120	-112483.499942	-119779.154036	-135970.668312
1539.454048	-5375.840411	-4339.434724	-5321.168044	-59569.030651	-119386.277424	-87946.470135	-112229.561773
-4811.458863	-5515.896441	-5717.576232	-5632.840768	-129610.501779	-112479.543683	-119776.605937	-135968.075510
-4813.738741	-5513.080122	-5716.056313	-5631.969050	-129609.495951	-112478.895483	-119775.734219	-135967.807289
-5937.204473	-5627.453998	-5842.969518	-5665.094336	-59743.217795	-119705.616797	-86385.670171	-113076.983461
-5939.663165	-6180.614970	-5696.789109	-5628.795103	-129607.081962	-112475.050983	-119772.761437	-135964.923914
-576.250324	-5426.422408	-4733.406572	-5387.865649	-59619.411483	-119447.007113	-87645.995634	-112393.735337
-2632.253186	-4434.988431	-5725.220528	-5639.479237	-129614.122762	-112485.735117	-119780.875120	-135972.501155
-2599.731398	-5499.713778	-5183.123670	-5493.768214	-59646.322983	-119546.517080	-87165.790756	-112652.099151
-6338.395934	-6415.263583	-5699.672484	-5626.202300	-129605.852617	-112472.771105	-119771.353277	-135963.448699
-5156.100411	-5584.113966	-5701.482976	-5603.694094	-59726.968077	-119646.742302	-86681.875489	-112923.270514
-3614.545299	-4965.887066	-5713.530566	-5637.624042	-129612.938120	-112483.499942	-119779.154036	-135970.668312
1539.454048	-5375.840411	-4339.434724	-5321.168044	-59569.030651	-119386.277424	-87946.470135	-112229.561773
-4811.458863	-5515.896441	-5717.576232	-5632.840768	-129610.501779	-112479.543683	-119776.605937	-135968.075510
-5932.287089	-5629.219786	-5844.422381	-5667.284807	-59742.010801	-119706.890846	-86394.275593	-113079.531560
-5971.112069	-6200.463319	-5696.677351	-5628.213957	-129606.679631	-112474.223968	-119772.180292	-135963.694568
-661.790450	-5428.389362	-4767.492982	-5391.129004	-59618.070378	-119449.175233	-87636.384384	-112402.385462
-2684.980951	-4476.383862	-5724.281755	-5637.825207	-129612.602843	-112483.991681	-119779.243443	-135970.310684
-2554.491467	-5497.456252	-5179.100356	-5491.331874	-59642.053800	-119543.454891	-87181.191108	-112646.757084
-6340.653460	-6417.521109	-5701.058293	-5626.850501	-129606.612576	-112473.262843	-119772.157940	-135963.403995
-5208.381141	-5589.366625	-5714.871671	-5610.153748	-59728.622106	-119652.419645	-86676.108739	-112935.116939
-3690.585934	-5013.272764	-5715.274002	-5638.920443	-129614.301576	-112484.528122	-119780.495141	-135971.338865
1539.834027	-5377.762661	-4356.913788	-5323.425570	-59568.628319	-119387.976156	-87954.427356	-112231.998114
-4802.562869	-5515.181186	-5721.800711	-5636.662917	-129614.279224	-112483.052907	-119780.204568	-135971.137699
-5925.402752	-5633.779542	-5847.529274	-5672.001025	-59744.000106	-119711.227085	-86406.434942	-113084.203074
-6003.902078	-6221.764531	-5701.818252	-5632.974879	-129611.574663	-112478.828428	-119776.874158	-135967.874344
-741.452067	-5436.525397	-4796.371436	-5400.494385	-59623.144224	-119457.847709	-87632.651643	-112416.668226
-2720.520225	-4501.775444	-5730.741409	-5643.904882	-129618.883684	-112489.892541	-119785.233710	-135975.697455
-2684.980951	-4476.383862	-5724.281755	-5637.825207	-129612.602843	-112483.991681	-119779.243443	-135970.310684
-2554.491467	-5497.456252	-5179.100356	-5491.331874	-59642.053800	-119543.454891	-87181.191108	-112646.757084
-6340.653460	-6417.521109	-5701.058293	-5626.850501	-129606.612576	-112473.262843	-119772.157940	-135963.403995
-5208.381141	-5589.366625	-5714.871671	-5610.153748	-59728.622106	-119652.419645	-86676.108739	-112935.116939
-3690.585934	-5013.272764	-5715.274002	-5638.920443	-129614.301576	-112484.528122	-119780.495141	-135971.338865
1539.834027	-5377.762661	-4356.913788	-5323.425570	-59568.628319	-119387.976156	-87954.427356	-112231.998114
-4802.562869	-5515.181186	-5721.800711	-5636.662917	-129614.279224	-112483.052907	-119780.204568	-135971.137699
-5925.402752	-5633.779542	-5847.529274	-5672.001025	-59744.000106	-119711.227085	-86406.434942	-113084.203074
-6003.902078	-6221.764531	-5701.818252	-5632.974879	-129611.574663	-112478.828428	-119776.874158	-135967.874344
-741.452067	-5436.525397	-4796.371436	-5400.494385	-59623.144224	-119457.847709	-87632.651643	-112416.668226
-2720.520225	-4501.775444	-5730.741409	-5643.904882	-129618.883684	-112489.892541	-119785.233710	-135975.697455
-2497.606277	-5501.524270	-5174.518248	-5494.818746	-59644.154864	-119546.740597	-87203.408742	-112646.846491
-6341.659289	-6419.130435	-5704.053426	-5629.175082	-129609.138323	-112475.430962	-119774.460170	-135965.169783
-5252.548188	-5592.048835	-5723.901775	-5614.042951	-59727.973906	-119655.571241	-86667.592724	-112943.655305
-3749.683946	-5047.895616	-5717.151549	-5640.529769	-129616.089715	-112485.980986	-119782.082114	-135972.389397
1552.753336	-5379.975483	-4363.798125	-5325.861910	-59568.829485	-119389.987813	-87962.451632	-112233.942715
-4781.932209	-5505.994619	-5722.694781	-5636.886434	-129614.569797	-112483.164666	-119780.293975	-135970.623609
-5909.175385	-5633.332507	-5844.735306	-5671.598693	-59741.049676	-119710.511829	-86413.542797	-113082.951377
-6026.767913	-6235.913186	-5702.108825	-5632.796065	-129611.664070	-112478.470800	-119776.583585	-135967.024978
-811.010696	-5439.431124	-4814.141073	-5404.383588	-59623.144224	-119461.066361	-87622.995689	-112425.184241
-2732.992498	-4513.867738	-5731.300203	-5643.971937	-129619.084849	-112489.758431	-119785.233710	-135975.161013
-2426.974765	-5497.366845	-5159.408469	-5490.124880	-59638.701038	-119541.934972	-87216.640975	-112638.263421
-6336.920719	-6415.420045	-5703.896964	-5628.593937	-129608.713640	-112474.626300	-119773.655507	-135963.895734
-5290.836727	-5595.692169	-5732.194273	-5618.356838	-59728.711513	-119659.371037	-86660.015483	-112952.059561
-3791.772281	-5068.682738	-5717.039790	-5640.060382	-129615.933253	-112485.355137	-119781.478617	-135971.294161
-3749.683946	-5047.895616	-5717.151549	-5640.529769	-129616.089715	-112485.980986	-119782.082114	-135972.389397
1552.753336	-5379.975483	-4363.798125	-5325.861910	-59568.829485	-119389.987813	-87962.451632	-112233.942715
-4781.932209	-5505.994619	-5722.694781	-5636.886434	-129614.569797	-112483.164666	-119780.293975	-135970.623609
-5909.175385	-5633.332507	-5844.735306	-5671.598693	-59741.049676	-119710.511829	-86413.542797	-113082.951377
-6026.767913	-6235.913186	-5702.108825	-5632.796065	-129611.664070	-112478.470800	-119776.583585	-135967.024978
-811.010696	-5439.431124	-4814.141073	-5404.383588	-59623.144224	-119461.066361	-87622.995689	-112425.184241
-2732.992498	-4513.867738	-5731.300203	-5643.971937	-129619.084849	-112489.758431	-119785.233710	-135975.161013
-2426.974765	-5497.366845	-5159.408469	-5490.124880	-59638.701038	-119541.934972	-87216.640975	-112638.263421
-6336.920719	-6415.420045	-5703.896964	-5628.593937	-129608.713640	-112474.626300	-119773.655507	-135963.895734
-5290.836727	-5595.692169	-5732.194273	-5618.356838	-59728.711513	-119659.371037	-86660.015483	-112952.059561
-3791.772281	-5068.682738	-5717.039790	-5640.060382	-129615.933253	-112485.355137	-119781.478617	-135971.294161
1569.673606	-5377.561495	-4359.685404	-5323.202052	-59565.029688	-119387.104438	-87965.133842	-112230.634657
-4752.539665	-5488.716720	-5721.621897	-5635.120646	-129613.116933	-112481.197713	-119778.461132	-135968.343731
-5888.790594	-5631.030277	-5839.840274	-5669.184705	-59737.339286	-119707.963730	-86418.236663	-113079.263339
-6044.269329	-6245.122104	-5701.415920	-5631.745533	-129610.702945	-112477.174399	-119775.533053	-135965.370949
-873.550877	-5440.883987	-4826.322773	-5406.663466	-59622.965410	-119462.832148	-87612.445666	-112431.062750
-2733.886568	-4514.068903	-5732.551900	-5644.821303	-129620.068326	-112490.518390	-119786.016021	-135975.473937
-2360.388918	-5498.842060	-5148.791391	-5490.840136	-59640.176253	-119542.694931	-87234.321205	-112634.553031
-6334.730248	-6414.704789	-5708.032037	-5632.259623	-129612.535788	-112478.113172	-119777.276489	-135967.002626
-5326.174835	-5599.134338	-5740.375011	-5622.424856	-59731.237260	-119663.282593	-86652.125317	-112959.167416
-3828.406790	-5088.933419	-5718.515005	-5641.423838	-129617.520227	-112486.584483	-119782.842074	-135972.054121
1588.404368	-5379.550800	-4360.780640	-5325.146654	-59567.644843	-119388.870226	-87971.414682	-112231.036989
-4724.376467	-5475.573894	-5725.824025	-5639.121609	-129617.184951	-112485.086916	-119782.350335	-135971.607086
-5871.043309	-5632.594899	-5839.169722	-5670.615217	-59739.797978	-119709.126021	-86426.305643	-113078.168103
-6061.658986	-6255.560369	-5702.645266	-5632.885472	-129612.200512	-112478.202579	-119776.717696	-135966.041501
-6044.269329	-6245.122104	-5701.415920	-5631.745533	-129610.702945	-112477.174399	-119775.533053	-135965.370949
-873.550877	-5440.883987	-4826.322773	-5406.663466	-59622.965410	-119462.832148	-87612.445666	-112431.062750
-2733.886568	-4514.068903	-5732.551900	-5644.821303	-129620.068326	-112490.518390	-119786.016021	-135975.473937
-2360.388918	-5498.842060	-5148.791391	-5490.840136	-59640.176253	-119542.694931	-87234.321205	-112634.553031
-6334.730248	-6414.704789	-5708.032037	-5632.259623	-129612.535788	-112478.113172	-119777.276489	-135967.002626
-5326.174835	-5599.134338	-5740.375011	-5622.424856	-59731.237260	-119663.282593	-86652.125317	-112959.167416
-3828.406790	-5088.933419	-5718.515005	-5641.423838	-129617.520227	-112486.584483	-119782.842074	-135972.054121
1588.404368	-5379.550800	-4360.780640	-5325.146654	-59567.644843	-119388.870226	-87971.414682	-112231.036989
-4724.376467	-5475.573894	-5725.824025	-5639.121609	-129617.184951	-112485.086916	-119782.350335	-135971.607086
-5871.043309	-5632.594899	-5839.169722	-5670.615217	-59739.797978	-119709.126021	-86426.305643	-113078.168103
-6061.658986	-6255.560369	-5702.645266	-5632.885472	-129612.200512	-112478.202579	-119776.717696	-135966.041501
-937.275700	-5442.962699	-4840.896111	-5409.569193	-59625.982896	-119465.246137	-87601.806236	-112436.963610
-2722.643640	-4507.206918	-5731.769589	-5644.217806	-129619.755402	-112489.467858	-119785.211359	-135973.998722
-2286.024664	-5493.030607	-5131.424085	-5484.291075	-59636.622326	-119535.944705	-87244.938284	-112622.326627
-6322.995582	-6404.445339	-5704.299295	-5628.303364	-129608.803047	-112473.821637	-119773.074361	-135962.174649
-5359.054251	-5597.167384	-5744.443029	-5621.150806	-59730.745522	-119661.561508	-86638.647215	-112960.173244
-3854.580683	-5097.024750	-5716.257479	-5639.322774	-129615.665032	-112484.215198	-119780.562196	-135969.237801
1603.089464	-5376.130983	-4358.433707	-5321.525672	-59566.527255	-119384.958671	-87972.107586	-112225.091425
-4683.875106	-5452.395135	-5724.862900	-5638.004021	-129616.335585	-112483.701108	-119781.031582	-135969.729539
-5853.206617	-5632.170216	-5837.381582	-5669.944664	-59741.742580	-119708.366061	-86432.541780	-113074.569473
-6078.512201	-6265.328081	-5704.276944	-5634.427742	-129614.100410	-112479.498980	-119778.237614	-135966.868516
-1009.427131	-5446.360164	-4859.850390	-5413.614859	-59630.944983	-119469.045933	-87591.636192	-112443.602078
-2713.658239	-4500.814319	-5734.518854	-5646.810609	-129622.728184	-112492.127716	-119787.781809	-135976.099786
-2225.518492	-5494.192898	-5122.237518	-5484.581647	-59640.511530	-119536.458795	-87262.149127	-112617.185726
-6319.374599	-6402.456034	-5708.389665	-5632.170216	-129612.938120	-112477.666137	-119776.963565	-135965.549763
-2286.024664	-5493.030607	-5131.424085	-5484.291075	-59636.622326	-119535.944705	-87244.938284	-112622.326627
-6322.995582	-6404.445339	-5704.299295	-5628.303364	-129608.803047	-112473.821637	-119773.074361	-135962.174649
-5359.054251	-5597.167384	-5744.443029	-5621.150806	-59730.745522	-119661.561508	-86638.647215	-112960.173244
-3854.580683	-5097.024750	-5716.257479	-5639.322774	-129615.665032	-112484.215198	-119780.562196	-135969.237801
1603.089464	-5376.130983	-4358.433707	-5321.525672	-59566.527255	-119384.958671	-87972.107586	-112225.091425
-4683.875106	-5452.395135	-5724.862900	-5638.004021	-129616.335585	-112483.701108	-119781.031582	-135969.729539
-5853.206617	-5632.170216	-5837.381582	-5669.944664	-59741.742580	-119708.366061	-86432.541780	-113074.569473
-6078.512201	-6265.328081	-5704.276944	-5634.427742	-129614.100410	-112479.498980	-119778.237614	-135966.868516
-1009.427131	-5446.360164	-4859.850390	-5413.614859	-59630.944983	-119469.045933	-87591.636192	-112443.602078
-2713.658239	-4500.814319	-5734.518854	-5646.810609	-129622.728184	-112492.127716	-119787.781809	-135976.099786
-2225.518492	-5494.192898	-5122.237518	-5484.581647	-59640.511530	-119536.458795	-87262.149127	-112617.185726
-6319.374599	-6402.456034	-5708.389665	-5632.170216	-129612.938120	-112477.666137	-119776.963565	-135965.549763
-5399.265039	-5601.905954	-5755.127162	-5626.559928	-59736.624031	-119666.523596	-86631.114677	-112967.884596
-3893.584477	-5117.543652	-5719.386723	-5642.742591	-129619.218960	-112487.389146	-119783.937309	-135972.076472
1612.007810	-5378.209696	-4363.328739	-5323.380866	-59570.461162	-119386.702107	-87977.404949	-112225.203183
-4650.213379	-5433.798484	-5725.712267	-5638.853388	-129617.184951	-112484.326957	-119781.813894	-135969.841298
-5833.581785	-5630.158559	-5833.470027	-5667.642435	-59741.161435	-119705.795611	-86436.408631	-113069.562682
-6094.337236	-6273.687634	-5703.114653	-5633.511321	-129613.228692	-112478.247282	-119777.142379	-135965.214487
-1079.477498	-5447.142476	-4877.016530	-5415.134777	-59632.286088	-119469.984707	-87578.292200	-112448.139483
-2710.171367	-4497.238040	-5733.043639	-5645.804780	-129621.521189	-112490.585445	-119786.552463	-135974.155185
-2155.266959	-5489.543735	-5107.887698	-5478.971360	-59637.337582	-119530.714396	-87273.369703	-112606.389833
-6308.332838	-6393.269467	-5705.305124	-5629.152731	-129609.920634	-112474.291024	-119773.789617	-135961.817022
-5430.848054	-5600.900126	-5759.038718	-5625.911728	-59735.819368	-119665.584822	-86617.949500	-112969.940957
-3927.357963	-5131.558196	-5717.643287	-5641.177969	-129617.989614	-112485.668061	-119782.350335	-135969.908353
1622.356668	-5377.136812	-4362.591131	-5322.173872	-59570.639976	-119385.204540	-87979.751883	-112222.319808
1612.007810	-5378.209696	-4363.328739	-5323.380866	-59570.461162	-119386.702107	-87977.404949	-112225.203183
-4650.213379	-5433.798484	-5725.712267	-5638.853388	-129617.184951	-112484.326957	-119781.813894	-135969.841298
-5833.581785	-5630.158559	-5833.470027	-5667.642435	-59741.161435	-119705.795611	-86436.408631	-113069.562682
-6094.337236	-6273.687634	-5703.114653	-5633.511321	-129613.228692	-112478.247282	-119777.142379	-135965.214487
-1079.477498	-5447.142476	-4877.016530	-5415.134777	-59632.286088	-119469.984707	-87578.292200	-112448.139483
-2710.171367	-4497.238040	-5733.043639	-5645.804780	-129621.521189	-112490.585445	-119786.552463	-135974.155185
-2155.266959	-5489.543735	-5107.887698	-5478.971360	-59637.337582	-119530.714396	-87273.369703	-112606.389833
-6308.332838	-6393.269467	-5705.305124	-5629.152731	-129609.920634	-112474.291024	-119773.789617	-135961.817022
-5430.848054	-5600.900126	-5759.038718	-5625.911728	-59735.819368	-119665.584822	-86617.949500	-112969.940957
-3927.357963	-5131.558196	-5717.643287	-5641.177969	-129617.989614	-112485.668061	-119782.350335	-135969.908353
1622.356668	-5377.136812	-4362.591131	-5322.173872	-59570.639976	-119385.204540	-87979.751883	-112222.319808
-4615.523471	-5414.017190	-5725.712267	-5638.696925	-129617.229654	-112483.991681	-119781.635080	-135969.148394
-5810.894765	-5628.012792	-5828.530291	-5665.161391	-59739.775627	-119703.292215	-86441.571884	-113064.265318
-6109.514071	-6282.270704	-5703.002894	-5633.377210	-129613.251044	-112477.979061	-119777.052972	-135964.499231
-1150.041956	-5448.975319	-4889.578210	-5417.571118	-59634.141282	-119472.063419	-87566.199907	-112453.861529
-2703.085864	-4493.550002	-5732.775418	-5645.603615	-129621.454134	-112490.361928	-119786.284242	-135973.305818
-2086.177717	-5488.895534	-5093.068492	-5477.429089	-59637.739913	-119529.105071	-87289.306496	-112599.371385
-6304.331875	-6391.414272	-5709.842528	-5633.623079	-129614.458038	-112478.649614	-119778.170559	-135965.482708
-5468.935426	-5606.823338	-5769.186410	-5632.371382	-59741.362600	-119671.642145	-86612.316860	-112978.747544
-3968.149897	-5153.820533	-5721.912470	-5645.648318	-129622.527018	-112489.959596	-119786.798333	-135973.708150
1632.750229	-5381.115422	-4362.412317	-5325.705448	-59574.797401	-119388.602005	-87986.390351	-112224.331465
-4583.292256	-5397.901582	-5729.266194	-5642.228501	-129620.783582	-112487.322091	-119785.054896	-135971.920010
-5789.817070	-5628.236309	-5825.892785	-5664.982577	-59740.110903	-119702.822829	-86449.350291	-113061.069019
-6124.132112	-6290.272628	-5702.734673	-5633.086638	-129613.161637	-112477.509675	-119776.650641	-135963.582809
-1217.499520	-5451.545769	-4905.716170	-5420.879176	-59636.108236	-119474.790332	-87555.091090	-112460.052962
-1150.041956	-5448.975319	-4889.578210	-5417.571118	-59634.141282	-119472.063419	-87566.199907	-112453.861529
-2703.085864	-4493.550002	-5732.775418	-5645.603615	-129621.454134	-112490.361928	-119786.284242	-135973.305818
-2086.177717	-5488.895534	-5093.068492	-5477.429089	-59637.739913	-119529.105071	-87289.306496	-112599.371385
-6304.331875	-6391.414272	-5709.842528	-5633.623079	-129614.458038	-112478.649614	-119778.170559	-135965.482708
-5468.935426	-5606.823338	-5769.186410	-5632.371382	-59741.362600	-119671.642145	-86612.316860	-112978.747544
-3968.149897	-5153.820533	-5721.912470	-5645.648318	-129622.527018	-112489.959596	-119786.798333	-135973.708150
1632.750229	-5381.115422	-4362.412317	-5325.705448	-59574.797401	-119388.602005	-87986.390351	-112224.331465
-4583.292256	-5397.901582	-5729.266194	-5642.228501	-129620.783582	-112487.322091	-119785.054896	-135971.920010
-5789.817070	-5628.236309	-5825.892785	-5664.982577	-59740.110903	-119702.822829	-86449.350291	-113061.069019
-6124.132112	-6290.272628	-5702.734673	-5633.086638	-129613.161637	-112477.509675	-119776.650641	-135963.582809
-1217.499520	-5451.545769	-4905.716170	-5420.879176	-59636.108236	-119474.790332	-87555.091090	-112460.052962
-2704.225803	-4494.377016	-5735.502331	-5648.308176	-129624.315157	-112492.753564	-119789.033507	-135975.384530
-2021.514120	-5489.320217	-5082.227896	-5476.892647	-59638.544576	-119528.680388	-87305.489159	-112593.738746
-6297.000503	-6386.139260	-5711.407150	-5634.695963	-129615.821495	-112479.454276	-119779.288146	-135965.974446
-5501.323104	-5607.762111	-5774.796697	-5633.868949	-59741.206138	-119672.804436	-86602.303279	-112982.524989
-4002.973915	-5170.316120	-5720.772531	-5644.396620	-129621.498838	-112488.529085	-119785.568987	-135971.964714
1637.757020	-5380.623684	-4362.211151	-5325.012544	-59574.037441	-119387.730287	-87988.670229	-112222.319808
-4550.681061	-5381.361292	-5731.344906	-5643.949585	-129622.616425	-112488.797306	-119786.775981	-135973.037597
-5770.862790	-5630.404428	-5825.222233	-5666.770717	-59741.697877	-119704.521561	-86458.648617	-113060.063190
-6143.287557	-6303.638971	-5707.026208	-5637.266414	-129617.520227	-112481.622396	-119781.053934	-135967.337902
-1288.868641	-5456.664319	-4922.167053	-5426.578871	-59639.751570	-119480.087695	-87545.770412	-112469.172474
-2703.935230	-4495.338141	-5737.446932	-5650.275129	-129626.371518	-112494.586407	-119791.089867	-135976.859746
-1952.268416	-5487.800299	-5067.855724	-5474.523362	-59636.823492	-119526.244047	-87319.749572	-112586.139153
-6289.780890	-6381.221876	-5712.368275	-5635.545330	-129616.603806	-112480.147181	-119780.204568	-135966.220315
-5533.956651	-5611.405446	-5781.949256	-5638.026373	-59743.106037	-119676.425418	-86594.010782	-112989.118754
-5501.323104	-5607.762111	-5774.796697	-5633.868949	-59741.206138	-119672.804436	-86602.303279	-112982.524989
-4002.973915	-5170.316120	-5720.772531	-5644.396620	-129621.498838	-112488.529085	-119785.568987	-135971.964714
1637.757020	-5380.623684	-4362.211151	-5325.012544	-59574.037441	-119387.730287	-87988.670229	-112222.319808
-4550.681061	-5381.361292	-5731.344906	-5643.949585	-129622.616425	-112488.797306	-119786.775981	-135973.037597
-5770.862790	-5630.404428	-5825.222233	-5666.770717	-59741.697877	-119704.521561	-86458.648617	-113060.063190
-6143.287557	-6303.638971	-5707.026208	-5637.266414	-129617.520227	-112481.622396	-119781.053934	-135967.337902
-1288.868641	-5456.664319	-4922.167053	-5426.578871	-59639.751570	-119480.087695	-87545.770412	-112469.172474
-2703.935230	-4495.338141	-5737.446932	-5650.275129	-129626.371518	-112494.586407	-119791.089867	-135976.859746
-1952.268416	-5487.800299	-5067.855724	-5474.523362	-59636.823492	-119526.244047	-87319.749572	-112586.139153
-6289.780890	-6381.221876	-5712.368275	-5635.545330	-129616.603806	-112480.147181	-119780.204568	-135966.220315
-5533.956651	-5611.405446	-5781.949256	-5638.026373	-59743.106037	-119676.425418	-86594.010782	-112989.118754
-4040.413086	-5189.628028	-5722.560671	-5646.296519	-129623.376384	-112490.071355	-119787.513588	-135973.171708
1649.558741	-5379.930780	-4356.511457	-5324.207881	-59572.584578	-119386.478589	-87989.921926	-112219.928172
-4514.761807	-5360.618873	-5729.489711	-5642.116742	-129620.627120	-112486.584483	-119784.630213	-135970.265981
-5742.610185	-5626.336411	-5817.712047	-5662.523885	-59736.825196	-119699.872398	-86462.135489	-113052.776522
-6155.357499	-6309.293963	-5704.500461	-5634.763018	-129614.972128	-112478.761372	-119778.237614	-135964.007493
-1352.906388	-5456.932540	-4932.314745	-5427.785865	-59638.432817	-119480.601785	-87531.532351	-112473.396954
-2697.900259	-4489.102005	-5736.888139	-5649.872798	-129625.857428	-112493.804096	-119790.329908	-135975.608048
-1878.038273	-5485.967456	-5051.762468	-5471.952912	-59634.700076	-119523.539486	-87333.875875	-112578.360746
-6282.784794	-6376.595065	-5714.625801	-5637.713449	-129618.682518	-112482.024727	-119782.082114	-135967.539068
-5564.735003	-5615.138187	-5789.347683	-5642.496722	-59745.251804	-119680.381677	-86586.902927	-112995.712518
-4077.449927	-5209.230508	-5725.511101	-5649.470466	-129626.617387	-112492.977082	-119790.486370	-135975.563344
1660.511096	-5384.512888	-4357.472582	-5328.789989	-59576.496133	-119390.725421	-87996.828615	-112223.146823
-4482.821164	-5346.112591	-5734.720020	-5647.078830	-129625.678614	-112491.390108	-119789.413487	-135974.557516
-5719.587889	-5627.945736	-5815.879204	-5663.596769	-59737.562804	-119700.967634	-86472.126719	-113050.742513
-4514.761807	-5360.618873	-5729.489711	-5642.116742	-129620.627120	-112486.584483	-119784.630213	-135970.265981
-5742.610185	-5626.336411	-5817.712047	-5662.523885	-59736.825196	-119699.872398	-86462.135489	-113052.776522
-6155.357499	-6309.293963	-5704.500461	-5634.763018	-129614.972128	-112478.761372	-119778.237614	-135964.007493
-1352.906388	-5456.932540	-4932.314745	-5427.785865	-59638.432817	-119480.601785	-87531.532351	-112473.396954
-2697.900259	-4489.102005	-5736.888139	-5649.872798	-129625.857428	-112493.804096	-119790.329908	-135975.608048
-1878.038273	-5485.967456	-5051.762468	-5471.952912	-59634.700076	-119523.539486	-87333.875875	-112578.360746
-6282.784794	-6376.595065	-5714.625801	-5637.713449	-129618.682518	-112482.024727	-119782.082114	-135967.539068
-5564.735003	-5615.138187	-5789.347683	-5642.496722	-59745.251804	-119680.381677	-86586.902927	-112995.712518
-4077.449927	-5209.230508	-5725.511101	-5649.470466	-129626.617387	-112492.977082	-119790.486370	-135975.563344
1660.511096	-5384.512888	-4357.472582	-5328.789989	-59576.496133	-119390.725421	-87996.828615	-112223.146823
-4482.821164	-5346.112591	-5734.720020	-5647.078830	-129625.678614	-112491.390108	-119789.413487	-135974.557516
-5719.587889	-5627.945736	-5815.879204	-5663.596769	-59737.562804	-119700.967634	-86472.126719	-113050.742513
-6170.310816	-6318.972268	-5706.065083	-5636.193530	-129616.424992	-112479.923663	-119779.645774	-135964.745100
-1419.246366	-5460.754688	-4945.748144	-5432.166807	-59640.779750	-119484.535692	-87521.295252	-112481.108306
-2692.178213	-4487.805603	-5739.771514	-5652.555007	-129628.718451	-112496.307492	-119793.034469	-135977.686760
-1805.708028	-5485.319255	-5035.982136	-5470.343586	-59633.873061	-119521.818402	-87349.522096	-112571.588167
-6273.151192	-6369.889542	-5714.849319	-5637.467580	-129618.615463	-112481.644747	-119781.813894	-135966.712054
-5592.585277	-5614.132358	-5792.342817	-5641.848521	-59742.547243	-119679.308793	-86575.436482	-112997.567713
-4110.463454	-5222.686258	-5719.833758	-5643.591958	-129620.872989	-112487.098573	-119784.585510	-135969.126042
1660.108764	-5378.343806	-4353.158695	-5322.240927	-59569.634148	-119383.997546	-87993.274688	-112215.569581
-4447.460705	-5325.861910	-5732.238976	-5644.217806	-129622.906998	-112488.462030	-119786.686574	-135971.249458
-5695.604467	-5627.386943	-5811.945297	-5662.657996	-59736.176996	-119699.827695	-86480.285106	-113047.143882
-6187.298141	-6329.634050	-5708.032037	-5637.869911	-129618.302538	-112481.488285	-119781.456266	-135966.041501
-1496.829271	-5463.615711	-4964.814182	-5435.810141	-59641.942041	-119487.575530	-87509.560586	-112488.663195
-2705.142224	-4494.600534	-5736.083476	-5648.799914	-129625.052765	-112492.351233	-119789.145266	-135973.238763
-6170.310816	-6318.972268	-5706.065083	-5636.193530	-129616.424992	-112479.923663	-119779.645774	-135964.745100
-1419.246366	-5460.754688	-4945.748144	-5432.166807	-59640.779750	-119484.535692	-87521.295252	-112481.108306
-2692.178213	-4487.805603	-5739.771514	-5652.555007	-129628.718451	-112496.307492	-119793.034469	-135977.686760
-1805.708028	-5485.319255	-5035.982136	-5470.343586	-59633.873061	-119521.818402	-87349.522096	-112571.588167
-6273.151192	-6369.889542	-5714.849319	-5637.467580	-129618.615463	-112481.644747	-119781.813894	-135966.712054
-5592.585277	-5614.132358	-5792.342817	-5641.848521	-59742.547243	-119679.308793	-86575.436482	-112997.567713
-4110.463454	-5222.686258	-5719.833758	-5643.591958	-129620.872989	-112487.098573	-119784.585510	-135969.126042
1660.108764	-5378.343806	-4353.158695	-5322.240927	-59569.634148	-119383.997546	-87993.274688	-112215.569581
-4447.460705	-5325.861910	-5732.238976	-5644.217806	-129622.906998	-112488.462030	-119786.686574	-135971.249458
-5695.604467	-5627.386943	-5811.945297	-5662.657996	-59736.176996	-119699.827695	-86480.285106	-113047.143882
-6187.298141	-6329.634050	-5708.032037	-5637.869911	-129618.302538	-112481.488285	-119781.456266	-135966.041501
-1496.829271	-5463.615711	-4964.814182	-5435.810141	-59641.942041	-119487.575530	-87509.560586	-112488.663195
-2705.142224	-4494.600534	-5736.083476	-5648.799914	-129625.052765	-112492.351233	-119789.145266	-135973.238763
-1737.177579	-5476.959703	-5019.017162	-5461.067612	-59625.111178	-119512.408318	-87357.993407	-112557.640679
-6258.801372	-6357.439620	-5709.037865	-5631.209091	-129612.356974	-112475.185093	-119775.555405	-135959.961827
-5619.139149	-5610.757245	-5792.879259	-5639.143960	-59737.361638	-119676.179549	-86561.891325	-112997.970044
-4159.145553	-5248.837799	-5717.576232	-5641.200321	-129618.682518	-112484.483419	-119782.350335	-135966.332074
1657.605369	-5375.974521	-4356.667919	-5319.916346	-59566.594311	-119381.404743	-87993.028819	-112213.043834
-4416.123559	-5309.142805	-5727.858034	-5639.434533	-129618.079021	-112483.343480	-119781.813894	-135965.840336
-5665.451964	-5621.955469	-5802.669323	-5657.025356	-59730.007914	-119694.016241	-86484.934269	-113039.253716
-6200.955057	-6337.300698	-5706.109787	-5635.701792	-129616.335585	-112479.208407	-119779.422257	-135963.471051
-1570.858249	-5463.995691	-4979.633388	-5437.106542	-59641.115027	-119488.670765	-87496.417760	-112494.698166
-2716.541614	-4503.116548	-5735.189406	-5647.592920	-129623.868123	-112491.032480	-119788.094734	-135971.674141
-1668.423613	-5476.289150	-5005.203784	-5459.704156	-59624.462977	-119511.223675	-87375.316009	-112552.030391
-6252.364070	-6353.773934	-5712.010647	-5633.734838	-129614.905073	-112477.487323	-119778.125856	-135962.018187
-6258.801372	-6357.439620	-5709.037865	-5631.209091	-129612.356974	-112475.185093	-119775.555405	-135959.961827
-5619.139149	-5610.757245	-5792.879259	-5639.143960	-59737.361638	-119676.179549	-86561.891325	-112997.970044
-4159.145553	-5248.837799	-5717.576232	-5641.200321	-129618.682518	-112484.483419	-119782.350335	-135966.332074
1657.605369	-5375.974521	-4356.667919	-5319.916346	-59566.594311	-119381.404743	-87993.028819	-112213.043834
-4416.123559	-5309.142805	-5727.858034	-5639.434533	-129618.079021	-112483.343480	-119781.813894	-135965.840336
-5665.451964	-5621.955469	-5802.669323	-5657.025356	-59730.007914	-119694.016241	-86484.934269	-113039.253716
-6200.955057	-6337.300698	-5706.109787	-5635.701792	-129616.335585	-112479.208407	-119779.422257	-135963.471051
-1570.858249	-5463.995691	-4979.633388	-5437.106542	-59641.115027	-119488.670765	-87496.417760	-112494.698166
-2716.541614	-4503.116548	-5735.189406	-5647.592920	-129623.868123	-112491.032480	-119788.094734	-135971.674141
-1668.423613	-5476.289150	-5005.203784	-5459.704156	-59624.462977	-119511.223675	-87375.316009	-112552.030391
-6252.364070	-6353.773934	-5712.010647	-5633.734838	-129614.905073	-112477.487323	-119778.125856	-135962.018187
-5652.353841	-5615.272297	-5800.881183	-5644.240158	-59740.580289	-119681.007526	-86557.353921	-113006.396652
-4205.815995	-5273.223552	-5720.638421	-5644.150751	-129621.632948	-112487.277387	-119785.412524	-135968.969580
1658.991177	-5379.237876	-4358.858390	-5323.269108	-59569.634148	-119384.511636	-87999.443769	-112216.284837
-4385.881649	-5294.211840	-5731.836645	-5643.122571	-129621.744707	-112486.986814	-119785.568987	-135969.081339
-5637.199359	-5622.111931	-5798.824823	-5656.980652	-59729.940859	-119693.792724	-86496.870100	-113036.482100
-6214.500214	-6344.989699	-5705.394531	-5634.695963	-129615.195646	-112478.068468	-119778.282318	-135961.906429
-1644.239026	-5466.633197	-4996.196031	-5440.839284	-59642.679649	-119491.755306	-87485.107778	-112502.901256
-2722.598937	-4507.452787	-5738.139837	-5650.453943	-129626.527980	-112493.759393	-119790.888702	-135974.021074
-1592.204165	-5476.736185	-4992.999732	-5459.502990	-59625.357047	-119510.933102	-87394.717323	-112547.068303
-6245.949119	-6350.510579	-5716.615107	-5638.071077	-129619.017794	-112481.778858	-119782.327984	-135965.773280
-5684.786223	-5620.569661	-5810.067750	-5650.364536	-59744.827121	-119686.662517	-86554.627008	-113015.136184
-4246.742040	-5295.888221	-5722.471264	-5646.050649	-129623.286977	-112488.953768	-119787.178312	-135970.221278
1658.298273	-5380.869553	-4361.719413	-5324.945489	-59570.818790	-119385.785685	-88003.489435	-112217.447128
-4352.488143	-5279.258523	-5735.144703	-5646.162408	-129624.382213	-112489.803134	-119788.385306	-135971.472975
-4385.881649	-5294.211840	-5731.836645	-5643.122571	-129621.744707	-112486.986814	-119785.568987	-135969.081339
-5637.199359	-5622.111931	-5798.824823	-5656.980652	-59729.940859	-119693.792724	-86496.870100	-113036.482100
-6214.500214	-6344.989699	-5705.394531	-5634.695963	-129615.195646	-112478.068468	-119778.282318	-135961.906429
-1644.239026	-5466.633197	-4996.196031	-5440.839284	-59642.679649	-119491.755306	-87485.107778	-112502.901256
-2722.598937	-4507.452787	-5738.139837	-5650.453943	-129626.527980	-112493.759393	-119790.888702	-135974.021074
-1592.204165	-5476.736185	-4992.999732	-5459.502990	-59625.357047	-119510.933102	-87394.717323	-112547.068303
-6245.949119	-6350.510579	-5716.615107	-5638.071077	-129619.017794	-112481.778858	-119782.327984	-135965.773280
-5684.786223	-5620.569661	-5810.067750	-5650.364536	-59744.827121	-119686.662517	-86554.627008	-113015.136184
-4246.742040	-5295.888221	-5722.471264	-5646.050649	-129623.286977	-112488.953768	-119787.178312	-135970.221278
1658.298273	-5380.869553	-4361.719413	-5324.945489	-59570.818790	-119385.785685	-88003.489435	-112217.447128
-4352.488143	-5279.258523	-5735.144703	-5646.162408	-129624.382213	-112489.803134	-119788.385306	-135971.472975
-5611.383094	-5624.436513	-5797.394311	-5658.813495	-59731.930164	-119695.558512	-86510.549368	-113035.386865
-6231.554595	-6356.925530	-5709.484900	-5638.741629	-129618.973091	-112481.845913	-119782.305632	-135965.438004
-1720.346715	-5472.221133	-5014.703276	-5447.231882	-59646.837073	-119497.589111	-87476.256487	-112513.071300
-2725.482312	-4510.783197	-5740.307956	-5652.622062	-129628.360823	-112495.525181	-119792.989766	-135975.518641
-1516.968193	-5475.238618	-4977.733490	-5457.021947	-59623.814776	-119508.608521	-87410.944690	-112539.491062
-6234.460322	-6342.553358	-5717.196252	-5638.249891	-129618.950739	-112481.689451	-119782.439742	-135965.415652
-5713.552918	-5623.006001	-5816.013314	-5653.270263	-59745.877653	-119689.434134	-86547.295636	-113020.567658
-4289.433871	-5317.927041	-5724.482921	-5647.972899	-129625.186875	-112490.697204	-119789.011155	-135971.629437
1656.241912	-5381.741271	-4362.546428	-5325.794855	-59571.131715	-119386.590348	-88005.434037	-112217.648294
-4317.351200	-5259.834857	-5735.994069	-5646.743553	-129624.873951	-112490.138410	-119789.033507	-135971.472975
-5580.403576	-5623.698905	-5792.231058	-5657.807667	-59730.387894	-119694.507980	-86519.512417	-113031.028274
-6244.987994	-6365.463896	-5710.647191	-5639.725106	-129619.867160	-112482.538817	-119783.311460	-135965.974446
-1792.229926	-5475.126860	-5028.784875	-5450.919920	-59648.044067	-119500.986576	-87463.225420	-112520.805004
-2727.918652	-4512.884261	-5742.029040	-5654.454905	-129630.081908	-112497.134506	-119794.733202	-135976.904449
-1720.346715	-5472.221133	-5014.703276	-5447.231882	-59646.837073	-119497.589111	-87476.256487	-112513.071300
-2725.482312	-4510.783197	-5740.307956	-5652.622062	-129628.360823	-112495.525181	-119792.989766	-135975.518641
-1516.968193	-5475.238618	-4977.733490	-5457.021947	-59623.814776	-119508.608521	-87410.944690	-112539.491062
-6234.460322	-6342.553358	-5717.196252	-5638.249891	-129618.950739	-112481.689451	-119782.439742	-135965.415652
-5713.552918	-5623.006001	-5816.013314	-5653.270263	-59745.877653	-119689.434134	-86547.295636	-113020.567658
-4289.433871	-5317.927041	-5724.482921	-5647.972899	-129625.186875	-112490.697204	-119789.011155	-135971.629437
1656.241912	-5381.741271	-4362.546428	-5325.794855	-59571.131715	-119386.590348	-88005.434037	-112217.648294
-4317.351200	-5259.834857	-5735.994069	-5646.743553	-129624.873951	-112490.138410	-119789.033507	-135971.472975
-5580.403576	-5623.698905	-5792.231058	-5657.807667	-59730.387894	-119694.507980	-86519.512417	-113031.028274
-6244.987994	-6365.463896	-5710.647191	-5639.725106	-129619.867160	-112482.538817	-119783.311460	-135965.974446
-1792.229926	-5475.126860	-5028.784875	-5450.919920	-59648.044067	-119500.986576	-87463.225420	-112520.805004
-2727.918652	-4512.884261	-5742.029040	-5654.454905	-129630.081908	-112497.134506	-119794.733202	-135976.904449
-1440.614634	-5475.506839	-4961.751993	-5456.507856	-59623.680666	-119508.116783	-87426.993242	-112533.858423
-6225.407866	-6336.965422	-5720.057275	-5640.932100	-129621.476486	-112484.103439	-119785.166655	-135967.650827
-5741.336136	-5628.303364	-5823.970535	-5659.126420	-59749.364525	-119694.887959	-86542.020624	-113028.748396
-4330.739895	-5341.865759	-5729.556767	-5653.158504	-129630.104259	-112495.636939	-119794.263815	-135976.345655
1660.086412	-5386.278675	-4360.624178	-5330.265204	-59574.842104	-119391.038345	-88009.837331	-112221.604552
-4281.901334	-5243.808656	-5739.659755	-5650.118667	-129627.824381	-112493.200599	-119792.229806	-135974.311647
-5548.284119	-5624.235347	-5787.872468	-5657.807667	-59730.209080	-119694.597387	-86529.369537	-113027.921382
-6258.153171	-6374.069318	-5712.301220	-5641.066210	-129620.984748	-112483.589349	-119784.563158	-135966.846164
-1862.772031	-5478.591380	-5044.587558	-5455.032641	-59649.921614	-119504.875780	-87450.283760	-112529.008094
-2733.216015	-4516.527595	-5743.548959	-5655.684251	-129631.087736	-112498.073280	-119795.739030	-135977.709112
-1366.518601	-5474.322197	-4947.379821	-5454.429144	-59622.428968	-119506.239236	-87441.611283	-112526.951733
-6214.589621	-6329.835216	-5721.420732	-5641.826170	-129622.124686	-112484.684585	-119785.859559	-135968.053158
-5764.693709	-5628.459827	-5826.965669	-5659.729917	-59747.911662	-119695.402049	-86532.051746	-113031.743530
-5741.336136	-5628.303364	-5823.970535	-5659.126420	-59749.364525	-119694.887959	-86542.020624	-113028.748396
-4330.739895	-5341.865759	-5729.556767	-5653.158504	-129630.104259	-112495.636939	-119794.263815	-135976.345655
1660.086412	-5386.278675	-4360.624178	-5330.265204	-59574.842104	-119391.038345	-88009.837331	-112221.604552
-4281.901334	-5243.808656	-5739.659755	-5650.118667	-129627.824381	-112493.200599	-119792.229806	-135974.311647
-5548.284119	-5624.235347	-5787.872468	-5657.807667	-59730.209080	-119694.597387	-86529.369537	-113027.921382
-6258.153171	-6374.069318	-5712.301220	-5641.066210	-129620.984748	-112483.589349	-119784.563158	-135966.846164
-1862.772031	-5478.591380	-5044.587558	-5455.032641	-59649.921614	-119504.875780	-87450.283760	-112529.008094
-2733.216015	-4516.527595	-5743.548959	-5655.684251	-129631.087736	-112498.073280	-119795.739030	-135977.709112
-1366.518601	-5474.322197	-4947.379821	-5454.429144	-59622.428968	-119506.239236	-87441.611283	-112526.951733
-6214.589621	-6329.835216	-5721.420732	-5641.826170	-129622.124686	-112484.684585	-119785.859559	-135968.053158
-5764.693709	-5628.459827	-5826.965669	-5659.729917	-59747.911662	-119695.402049	-86532.051746	-113031.743530
-4364.356919	-5356.930835	-5726.941613	-5650.476295	-129627.287939	-112492.485344	-119791.514551	-135973.261115
1655.437250	-5385.317550	-4359.730108	-5329.102913	-59573.188075	-119389.697241	-88009.256185	-112220.084634
-4247.658461	-5225.994316	-5741.693764	-5651.951510	-129629.411355	-112494.653463	-119793.950891	-135975.652751
-5519.942107	-5625.777617	-5785.145555	-5658.768792	-59730.991391	-119695.513808	-86540.701871	-113025.976780
-6271.653625	-6382.786498	-5713.552918	-5642.161446	-129621.789410	-112484.326957	-119785.568987	-135967.427309
-1938.879721	-5479.328988	-5060.524352	-5456.619615	-59649.184006	-119506.105126	-87435.576312	-112534.931306
-2741.642623	-4520.036819	-5741.134970	-5653.046745	-129628.249064	-112495.145201	-119793.079173	-135974.535164
-1296.334123	-5469.337758	-4931.688897	-5448.394173	-59617.399826	-119500.316024	-87453.167135	-112516.491117
-6200.172746	-6318.815806	-5718.269136	-5638.182835	-129618.324890	-112480.638919	-119782.171521	-135963.828679
-5788.341855	-5625.419989	-5827.502111	-5657.114763	-59743.508368	-119692.496323	-86519.087734	-113032.235269
-4408.769835	-5378.813193	-5720.996049	-5644.128399	-129620.828285	-112486.025689	-119785.300766	-135966.667350
1635.052459	-5377.449736	-4364.423974	-5321.302154	-59564.940282	-119381.538854	-88001.321316	-112212.507392
-4214.868452	-5206.861223	-5732.663659	-5642.250853	-129619.531884	-112484.863399	-119784.227882	-135965.616818
-5481.810031	-5614.579393	-5770.482811	-5647.279995	-59719.815519	-119684.136770	-86540.210133	-113012.029292
-4247.658461	-5225.994316	-5741.693764	-5651.951510	-129629.411355	-112494.653463	-119793.950891	-135975.652751
-5519.942107	-5625.777617	-5785.145555	-5658.768792	-59730.991391	-119695.513808	-86540.701871	-113025.976780
-6271.653625	-6382.786498	-5713.552918	-5642.161446	-129621.789410	-112484.326957	-119785.568987	-135967.427309
-1938.879721	-5479.328988	-5060.524352	-5456.619615	-59649.184006	-119506.105126	-87435.576312	-112534.931306
-2741.642623	-4520.036819	-5741.134970	-5653.046745	-129628.249064	-112495.145201	-119793.079173	-135974.535164
-1296.334123	-5469.337758	-4931.688897	-5448.394173	-59617.399826	-119500.316024	-87453.167135	-112516.491117
-6200.172746	-6318.815806	-5718.269136	-5638.182835	-129618.324890	-112480.638919	-119782.171521	-135963.828679
-5788.341855	-5625.419989	-5827.502111	-5657.114763	-59743.508368	-119692.496323	-86519.087734	-113032.235269
-4408.769835	-5378.813193	-5720.996049	-5644.128399	-129620.828285	-112486.025689	-119785.300766	-135966.667350
1635.052459	-5377.449736	-4364.423974	-5321.302154	-59564.940282	-119381.538854	-88001.321316	-112212.507392
-4214.868452	-5206.861223	-5732.663659	-5642.250853	-129619.531884	-112484.863399	-119784.227882	-135965.616818
-5481.810031	-5614.579393	-5770.482811	-5647.279995	-59719.815519	-119684.136770	-86540.210133	-113012.029292
-6276.638064	-6383.211182	-5705.573345	-5633.556024	-129613.206340	-112475.676832	-119777.097675	-135958.710129
-2012.372257	-5475.931522	-5075.790593	-5454.406792	-59644.981878	-119503.489972	-87416.934957	-112537.635867
-2758.451135	-4531.436209	-5737.983374	-5649.693984	-129624.650434	-112491.635977	-119789.726411	-135970.824775
-1232.855169	-5466.141458	-4921.384742	-5444.750839	-59614.784672	-119496.717393	-87466.712292	-112508.891524
-6190.673255	-6312.847890	-5719.565537	-5638.875739	-129618.861332	-112481.376527	-119782.953833	-135964.253362
-5816.996791	-5628.884510	-5834.788780	-5661.406298	-59746.011763	-119696.430230	-86513.969185	-113039.678400
-4457.586045	-5407.468129	-5723.767665	-5646.900016	-129623.488143	-112488.529085	-119787.982975	-135969.103690
1619.138017	-5382.523582	-4378.997311	-5326.599518	-59569.880017	-119386.791514	-88006.976307	-112218.587067
-4193.455481	-5201.429749	-5739.235072	-5648.598748	-129625.700966	-112491.054832	-119790.665184	-135971.607086
-5457.826609	-5620.323792	-5772.360357	-5652.845580	-59725.358751	-119689.501189	-86557.488031	-113015.091481
-6298.207497	-6400.354970	-5714.312877	-5642.228501	-129621.588245	-112484.237550	-119785.814856	-135967.002626
-2099.186432	-5487.017988	-5104.110253	-5466.677900	-59654.906053	-119515.179934	-87412.151684	-112554.913766
-2784.021531	-4552.782125	-5743.034869	-5654.857237	-129629.567817	-112496.620416	-119794.912016	-135975.652751
-1232.855169	-5466.141458	-4921.384742	-5444.750839	-59614.784672	-119496.717393	-87466.712292	-112508.891524
-6190.673255	-6312.847890	-5719.565537	-5638.875739	-129618.861332	-112481.376527	-119782.953833	-135964.253362
-5816.996791	-5628.884510	-5834.788780	-5661.406298	-59746.011763	-119696.430230	-86513.969185	-113039.678400
-4457.586045	-5407.468129	-5723.767665	-5646.900016	-129623.488143	-112488.529085	-119787.982975	-135969.103690
1619.138017	-5382.523582	-4378.997311	-5326.599518	-59569.880017	-119386.791514	-88006.976307	-112218.587067
-4193.455481	-5201.429749	-5739.235072	-5648.598748	-129625.700966	-112491.054832	-119790.665184	-135971.607086
-5457.826609	-5620.323792	-5772.360357	-5652.845580	-59725.358751	-119689.501189	-86557.488031	-113015.091481
-6298.207497	-6400.354970	-5714.312877	-5642.228501	-129621.588245	-112484.237550	-119785.814856	-135967.002626
-2099.186432	-5487.017988	-5104.110253	-5466.677900	-59654.906053	-119515.179934	-87412.151684	-112554.913766
-2784.021531	-4552.782125	-5743.034869	-5654.857237	-129629.567817	-112496.620416	-119794.912016	-135975.652751
-1169.085642	-5467.639025	-4914.455702	-5445.600205	-59616.595163	-119497.566759	-87485.107778	-112505.494059
-6182.268999	-6308.422245	-5722.963002	-5642.049687	-129621.722355	-112484.394012	-119786.127780	-135967.226144
-5843.528312	-5632.639603	-5841.717820	-5665.787240	-59748.761028	-119700.520599	-86509.454132	-113046.830958
-4505.977572	-5434.781961	-5726.651040	-5649.828094	-129626.058594	-112491.390108	-119790.933405	-135971.763548
1604.229403	-5386.278675	-4388.697969	-5330.712239	-59573.411593	-119390.524255	-88010.262014	-112222.990361
-4165.158172	-5189.426862	-5742.073744	-5651.348013	-129627.913788	-112493.446469	-119793.101524	-135973.886964
-5425.103655	-5620.144978	-5767.577084	-5652.465600	-59725.112882	-119689.031802	-86569.066235	-113011.425795
-6308.511652	-6406.836975	-5714.379932	-5642.116742	-129621.185913	-112483.857570	-119785.680745	-135966.644998
-2172.231933	-5487.934409	-5120.047047	-5468.577798	-59654.794294	-119516.655149	-87397.801864	-112561.127551
-2792.425787	-4556.626625	-5742.319613	-5653.985519	-129628.494934	-112495.569884	-119794.040298	-135974.579868
-1098.632943	-5465.068575	-4901.491690	-5442.448609	-59614.382340	-119494.437515	-87498.965859	-112497.559190
-6169.059118	-6299.302733	-5723.119464	-5641.893225	-129621.320024	-112483.946977	-119785.904263	-135966.667350
-5866.416498	-5634.964184	-5846.769315	-5668.804725	-59750.102133	-119703.225160	-86503.240347	-113051.725990
-4542.232101	-5453.222150	-5727.947441	-5651.035088	-129627.198532	-112492.373585	-119792.363917	-135972.679969
1592.852365	-5387.865649	-4389.927315	-5332.455675	-59574.819753	-119391.910063	-88011.245490	-112224.532631
-4505.977572	-5434.781961	-5726.651040	-5649.828094	-129626.058594	-112491.390108	-119790.933405	-135971.763548
1604.229403	-5386.278675	-4388.697969	-5330.712239	-59573.411593	-119390.524255	-88010.262014	-112222.990361
-4165.158172	-5189.426862	-5742.073744	-5651.348013	-129627.913788	-112493.446469	-119793.101524	-135973.886964
-5425.103655	-5620.144978	-5767.577084	-5652.465600	-59725.112882	-119689.031802	-86569.066235	-113011.425795
-6308.511652	-6406.836975	-5714.379932	-5642.116742	-129621.185913	-112483.857570	-119785.680745	-135966.644998
-2172.231933	-5487.934409	-5120.047047	-5468.577798	-59654.794294	-119516.655149	-87397.801864	-112561.127551
-2792.425787	-4556.626625	-5742.319613	-5653.985519	-129628.494934	-112495.569884	-119794.040298	-135974.579868
-1098.632943	-5465.068575	-4901.491690	-5442.448609	-59614.382340	-119494.437515	-87498.965859	-112497.559190
-6169.059118	-6299.302733	-5723.119464	-5641.893225	-129621.320024	-112483.946977	-119785.904263	-135966.667350
-5866.416498	-5634.964184	-5846.769315	-5668.804725	-59750.102133	-119703.225160	-86503.240347	-113051.725990
-4542.232101	-5453.222150	-5727.947441	-5651.035088	-129627.198532	-112492.373585	-119792.363917	-135972.679969
1592.852365	-5387.865649	-4389.927315	-5332.455675	-59574.819753	-119391.910063	-88011.245490	-112224.532631
-4131.027058	-5172.685405	-5744.733601	-5653.605539	-129630.014852	-112495.659291	-119795.426106	-135975.831565
-5393.587696	-5622.491911	-5765.185447	-5654.320795	-59727.415112	-119690.864645	-86582.432578	-113009.816469
-6323.554376	-6418.392827	-5719.923165	-5647.347051	-129626.349166	-112488.864361	-119791.000461	-135971.584734
-2246.752649	-5496.852755	-5141.057687	-5478.345511	-59662.639757	-119525.975826	-87390.224623	-112575.030336
-2805.389798	-4569.210657	-5750.612110	-5662.322719	-129636.429803	-112503.549457	-119802.355147	-135982.559440
-1025.185111	-5470.745918	-4892.506289	-5447.097772	-59620.529070	-119499.086678	-87520.244720	-112497.581541
-6160.140772	-6295.525288	-5729.065028	-5647.771734	-129626.639739	-112489.378451	-119791.514551	-135972.076472
-5892.523336	-5641.222673	-5855.285329	-5675.309083	-59755.399496	-119709.438945	-86500.625193	-113060.353763
-4587.382625	-5479.507801	-5733.200101	-5656.667728	-129632.250027	-112497.335672	-119797.527170	-135977.731464
1578.279028	-5392.425405	-4397.102224	-5336.926024	-59579.334805	-119396.335709	-88013.726534	-112229.271201
-4101.500404	-5158.894379	-5746.633499	-5655.796010	-129631.490067	-112497.156858	-119797.236597	-135977.396187
-5355.433268	-5619.250908	-5756.825895	-5650.498647	-59724.397626	-119687.064849	-86590.479206	-113002.261579
-6329.812864	-6421.499720	-5717.397418	-5645.022469	-129623.421088	-112486.048041	-119788.295899	-135968.701359
-6323.554376	-6418.392827	-5719.923165	-5647.347051	-129626.349166	-112488.864361	-119791.000461	-135971.584734
-2246.752649	-5496.852755	-5141.057687	-5478.345511	-59662.639757	-119525.975826	-87390.224623	-112575.030336
-2805.389798	-4569.210657	-5750.612110	-5662.322719	-129636.429803	-112503.549457	-119802.355147	-135982.559440
-1025.185111	-5470.745918	-4892.506289	-5447.097772	-59620.529070	-119499.086678	-87520.244720	-112497.581541
-6160.140772	-6295.525288	-5729.065028	-5647.771734	-129626.639739	-112489.378451	-119791.514551	-135972.076472
-5892.523336	-5641.222673	-5855.285329	-5675.309083	-59755.399496	-119709.438945	-86500.625193	-113060.353763
-4587.382625	-5479.507801	-5733.200101	-5656.667728	-129632.250027	-112497.335672	-119797.527170	-135977.731464
1578.279028	-5392.425405	-4397.102224	-5336.926024	-59579.334805	-119396.335709	-88013.726534	-112229.271201
-4101.500404	-5158.894379	-5746.633499	-5655.796010	-129631.490067	-112497.156858	-119797.236597	-135977.396187
-5355.433268	-5619.250908	-5756.825895	-5650.498647	-59724.397626	-119687.064849	-86590.479206	-113002.261579
-6329.812864	-6421.499720	-5717.397418	-5645.022469	-129623.421088	-112486.048041	-119788.295899	-135968.701359
-2319.127598	-5496.740996	-5153.284091	-5479.194877	-59662.013908	-119526.445213	-87373.974904	-112579.858313
-2810.284830	-4570.574113	-5747.259348	-5659.238179	-129632.808820	-112500.062585	-119799.024737	-135978.893754
-958.085174	-5465.582665	-4876.949474	-5441.375725	-59616.192832	-119493.208169	-87530.392412	-112486.897407
-6146.774429	-6286.629294	-5730.048505	-5648.554045	-129626.885608	-112489.937245	-119792.095696	-135972.344693
-5914.137472	-5643.480199	-5860.158010	-5678.170106	-59757.388801	-119711.964692	-86495.171368	-113065.002926
-4625.179425	-5500.317276	-5733.870653	-5657.338280	-129632.674710	-112497.894466	-119798.220074	-135978.223202
1560.330577	-5393.274771	-4404.701818	-5337.998907	-59580.519447	-119397.095668	-88012.988927	-112230.321733
-4070.900866	-5146.265643	-5748.287529	-5657.070059	-129632.495896	-112498.319149	-119798.510647	-135978.469071
-5322.106817	-5620.055571	-5753.227264	-5650.945681	-59725.984600	-119687.288366	-86603.130293	-112998.953521
-6341.592233	-6430.194548	-5720.236089	-5647.682327	-129625.768021	-112488.462030	-119791.022812	-135971.115347
-2394.318866	-5500.361979	-5172.484240	-5483.776985	-59665.254911	-119530.401472	-87361.793204	-112588.396679
-2821.348944	-4578.799555	-5748.533398	-5660.489876	-129633.725242	-112501.001358	-119800.254083	-135979.877231
-891.432272	-5465.403851	-4866.734727	-5440.392249	-59617.109253	-119492.269396	-87546.217447	-112481.197713
-6133.743362	-6278.806183	-5731.836645	-5649.962205	-129627.980844	-112491.099535	-119793.593263	-135973.462280
-6146.774429	-6286.629294	-5730.048505	-5648.554045	-129626.885608	-112489.937245	-119792.095696	-135972.344693
-5914.137472	-5643.480199	-5860.158010	-5678.170106	-59757.388801	-119711.964692	-86495.171368	-113065.002926
-4625.179425	-5500.317276	-5733.870653	-5657.338280	-129632.674710	-112497.894466	-119798.220074	-135978.223202
1560.330577	-5393.274771	-4404.701818	-5337.998907	-59580.519447	-119397.095668	-88012.988927	-112230.321733
-4070.900866	-5146.265643	-5748.287529	-5657.070059	-129632.495896	-112498.319149	-119798.510647	-135978.469071
-5322.106817	-5620.055571	-5753.227264	-5650.945681	-59725.984600	-119687.288366	-86603.130293	-112998.953521
-6341.592233	-6430.194548	-5720.236089	-5647.682327	-129625.768021	-112488.462030	-119791.022812	-135971.115347
-2394.318866	-5500.361979	-5172.484240	-5483.776985	-59665.254911	-119530.401472	-87361.793204	-112588.396679
-2821.348944	-4578.799555	-5748.533398	-5660.489876	-129633.725242	-112501.001358	-119800.254083	-135979.877231
-891.432272	-5465.403851	-4866.734727	-5440.392249	-59617.109253	-119492.269396	-87546.217447	-112481.197713
-6133.743362	-6278.806183	-5731.836645	-5649.962205	-129627.980844	-112491.099535	-119793.593263	-135973.462280
-5935.595147	-5645.357745	-5864.963635	-5680.561743	-59759.221644	-119714.132811	-86489.650487	-113069.093295
-4666.507800	-5521.462026	-5734.138874	-5657.539446	-129632.272378	-112497.849762	-119798.309481	-135977.977333
1539.610510	-5393.230068	-4412.815501	-5337.976556	-59580.944131	-119396.872151	-88011.580767	-112230.657009
-4039.787238	-5130.351201	-5748.108715	-5656.645376	-129631.579474	-112497.670948	-119797.974205	-135977.664408
-5285.584067	-5617.798044	-5746.454686	-5648.062306	-59724.464682	-119684.539102	-86613.009764	-112992.627977
-6350.376469	-6435.760133	-5720.325496	-5647.391754	-129625.186875	-112487.992643	-119790.799295	-135970.601257
-2469.085451	-5503.848851	-5191.259705	-5487.956761	-59668.406507	-119534.313027	-87349.723262	-112597.203266
-2839.476209	-4590.109538	-5750.410944	-5662.166257	-129635.133402	-112502.543629	-119801.952815	-135981.330094
-827.550987	-5463.660415	-4858.017547	-5437.754743	-59616.483404	-119489.900111	-87560.142584	-112474.447486
-6120.086446	-6269.597264	-5732.194273	-5649.761039	-129627.310291	-112490.652500	-119793.257987	-135973.127004
-5955.219979	-5645.067173	-5867.534085	-5680.539391	-59758.618147	-119714.021053	-86481.737969	-113071.484932
-4707.165624	-5543.120866	-5731.926052	-5655.214865	-129629.657224	-112495.122849	-119796.007251	-135975.451586
1512.386085	-5392.514812	-4420.526853	-5337.440114	-59580.385337	-119396.156895	-88008.898557	-112230.746416
-4011.400522	-5118.370666	-5748.086363	-5656.287748	-129630.730108	-112496.910989	-119797.504818	-135976.993856
1539.610510	-5393.230068	-4412.815501	-5337.976556	-59580.944131	-119396.872151	-88011.580767	-112230.657009
-4039.787238	-5130.351201	-5748.108715	-5656.645376	-129631.579474	-112497.670948	-119797.974205	-135977.664408
-5285.584067	-5617.798044	-5746.454686	-5648.062306	-59724.464682	-119684.539102	-86613.009764	-112992.627977
-6350.376469	-6435.760133	-5720.325496	-5647.391754	-129625.186875	-112487.992643	-119790.799295	-135970.601257
-2469.085451	-5503.848851	-5191.259705	-5487.956761	-59668.406507	-119534.313027	-87349.723262	-112597.203266
-2839.476209	-4590.109538	-5750.410944	-5662.166257	-129635.133402	-112502.543629	-119801.952815	-135981.330094
-827.550987	-5463.660415	-4858.017547	-5437.754743	-59616.483404	-119489.900111	-87560.142584	-112474.447486
-6120.086446	-6269.597264	-5732.194273	-5649.761039	-129627.310291	-112490.652500	-119793.257987	-135973.127004
-5955.219979	-5645.067173	-5867.534085	-5680.539391	-59758.618147	-119714.021053	-86481.737969	-113071.484932
-4707.165624	-5543.120866	-5731.926052	-5655.214865	-129629.657224	-112495.122849	-119796.007251	-135975.451586
1512.386085	-5392.514812	-4420.526853	-5337.440114	-59580.385337	-119396.156895	-88008.898557	-112230.746416
-4011.400522	-5118.370666	-5748.086363	-5656.287748	-129630.730108	-112496.910989	-119797.504818	-135976.993856
-5248.167246	-5615.004076	-5738.653927	-5644.798952	-59722.073045	-119681.298099	-86622.799828	-112986.034213
-6357.506675	-6440.096371	-5718.157377	-5644.977766	-129622.370556	-112485.243378	-119788.295899	-135967.986103
-2545.997804	-5503.312409	-5206.257726	-5488.381444	-59667.065402	-119534.491841	-87332.646529	-112602.522981
-2853.200180	-4600.234878	-5747.684031	-5659.349937	-129631.847695	-112499.280274	-119798.890626	-135978.200850
-758.774669	-5458.206589	-4842.639547	-5431.608013	-59611.521317	-119483.798085	-87571.206697	-112464.009221
-6102.383864	-6257.460267	-5730.003802	-5647.168237	-129624.359861	-112487.724422	-119790.598129	-135970.198926
-5973.280188	-5645.625966	-5870.037481	-5681.679330	-59758.305223	-119714.803364	-86475.680646	-113074.636528
-4748.628110	-5564.779707	-5733.669488	-5656.801838	-129631.043033	-112496.575713	-119797.683632	-135977.060911
1490.436672	-5395.532298	-4427.902928	-5340.681117	-59583.246360	-119399.308491	-88010.284365	-112235.015599
-3984.533725	-5106.144262	-5751.282662	-5659.037013	-129633.121745	-112499.392033	-119800.187027	-135979.586658
-5210.683371	-5615.361704	-5733.669488	-5644.553083	-59722.385969	-119681.275747	-86635.741488	-112982.636748
-6367.564960	-6446.958357	-5720.258441	-5646.788257	-129623.845771	-112486.808000	-119790.061687	-135969.640132
-2617.188110	-5508.565069	-5223.245051	-5494.528174	-59671.088716	-119540.437405	-87322.454133	-112613.251819
-2545.997804	-5503.312409	-5206.257726	-5488.381444	-59667.065402	-119534.491841	-87332.646529	-112602.522981
-2853.200180	-4600.234878	-5747.684031	-5659.349937	-129631.847695	-112499.280274	-119798.890626	-135978.200850
-758.774669	-5458.206589	-4842.639547	-5431.608013	-59611.521317	-119483.798085	-87571.206697	-112464.009221
-6102.383864	-6257.460267	-5730.003802	-5647.168237	-129624.359861	-112487.724422	-119790.598129	-135970.198926
-5973.280188	-5645.625966	-5870.037481	-5681.679330	-59758.305223	-119714.803364	-86475.680646	-113074.636528
-4748.628110	-5564.779707	-5733.669488	-5656.801838	-129631.043033	-112496.575713	-119797.683632	-135977.060911
1490.436672	-5395.532298	-4427.902928	-5340.681117	-59583.246360	-119399.308491	-88010.284365	-112235.015599
-3984.533725	-5106.144262	-5751.282662	-5659.037013	-129633.121745	-112499.392033	-119800.187027	-135979.586658
-5210.683371	-5615.361704	-5733.669488	-5644.553083	-59722.385969	-119681.275747	-86635.741488	-112982.636748
-6367.564960	-6446.958357	-5720.258441	-5646.788257	-129623.845771	-112486.808000	-119790.061687	-135969.640132
-2617.188110	-5508.565069	-5223.245051	-5494.528174	-59671.088716	-119540.437405	-87322.454133	-112613.251819
-2870.679244	-4610.181404	-5752.132029	-5663.641472	-129635.736899	-112503.415347	-119803.249216	-135982.380626
-692.255878	-5460.821743	-4832.335393	-5433.329097	-59614.136471	-119485.742686	-87588.775169	-112461.617584
-6090.246867	-6250.151247	-5733.222453	-5650.185722	-129626.796201	-112490.384280	-119793.436801	-135972.881135
-5991.496860	-5647.905844	-5874.016091	-5684.227429	-59759.221644	-119717.284407	-86471.277353	-113079.062173
-4789.263581	-5585.745643	-5733.401267	-5656.488914	-129630.260721	-112495.905160	-119797.214245	-135976.546821
1465.827401	-5394.682931	-4432.283870	-5339.921157	-59581.547628	-119398.392069	-88006.685735	-112234.702675
-3954.671795	-5092.085015	-5750.612110	-5658.411164	-129631.825344	-112498.319149	-119799.360013	-135978.536126
-5171.456059	-5615.339353	-5727.723924	-5643.949585	-59721.871879	-119680.649898	-86648.884314	-112978.076992
-6378.047929	-6455.116743	-5724.080589	-5650.699812	-129627.176181	-112490.227817	-119793.749725	-135973.104653
-2690.971218	-5512.633087	-5238.779514	-5499.423206	-59673.525056	-119544.795995	-87310.920633	-112621.968999
-2881.050453	-4615.724637	-5751.908511	-5663.797935	-129635.245160	-112503.057719	-119803.182161	-135982.090054
-622.697249	-5459.413583	-4818.097331	-5431.116275	-59612.616552	-119483.731029	-87602.588547	-112454.845006
-6075.293550	-6241.009383	-5735.479979	-5652.309138	-129628.338471	-112492.127716	-119795.359051	-135974.579868
-6008.215965	-5651.057440	-5878.285274	-5687.624894	-59761.143894	-119720.570114	-86468.639847	-113083.733688
